version: 1
creator: callgrind-3.10.1
pid: 9136
cmd:  ./WindowMetrics -M1 p0.1 -P0.2 q0.1 -Z
part: 1


desc: I1 cache: 
desc: D1 cache: 
desc: LL cache: 

desc: Timerange: Basic block 0 - 1104850506
desc: Trigger: Program termination

positions: line
events: Ir
summary: 8414463619


ob=(4) /lib/x86_64-linux-gnu/libm-2.19.so
fl=(54) /build/eglibc-3GlaMS/eglibc-2.19/math/../sysdeps/x86_64/fpu/multiarch/s_rint.S
fn=(214) rint
25 1
cob=(3) /lib/x86_64-linux-gnu/libc-2.19.so
cfi=(43) /build/eglibc-3GlaMS/eglibc-2.19/csu/../sysdeps/x86_64/multiarch/init-arch.c
cfn=(210) __get_cpu_features
calls=1 200 
* 5
* 1
+1 1
+1 1
+1 1
+1 1
+2 1

fl=(57) /build/eglibc-3GlaMS/eglibc-2.19/math/../sysdeps/x86_64/fpu/multiarch/e_pow.c
fn=(220) __pow_finite
8 2
cob=(3)
cfi=(43)
cfn=(210)
calls=1 200 
* 5
* 1
* 5

fl=(142) /build/eglibc-3GlaMS/eglibc-2.19/math/w_log.c
fn=(654) log
28 12050472
+14 4016824
cfi=(143) /build/eglibc-3GlaMS/eglibc-2.19/math/../sysdeps/ieee754/dbl-64/e_log.c
cfn=(658) __ieee754_log_avx
calls=4016824 +15 
* 612564376
* 4016824

fl=(56) /build/eglibc-3GlaMS/eglibc-2.19/math/../sysdeps/x86_64/fpu/multiarch/s_ceil.S
fn=(218) ceil
25 1
cob=(3)
cfi=(43)
cfn=(210)
calls=1 200 
* 5
* 1
+1 1
+1 1
+1 1
+1 1
+2 1

fl=(62) /build/eglibc-3GlaMS/eglibc-2.19/math/../sysdeps/x86_64/fpu/multiarch/s_floorf.S
fn=(230) floorf
25 1
cob=(3)
cfi=(43)
cfn=(210)
calls=1 200 
* 5
* 1
+1 1
+1 1
+1 1
+1 1
+2 1

fl=(50) /build/eglibc-3GlaMS/eglibc-2.19/math/../sysdeps/x86_64/fpu/multiarch/e_exp.c
fn=(196) __exp_finite
15 2
cob=(3)
cfi=(43)
cfn=(210)
calls=1 200 
* 5
cob=(1) /lib/x86_64-linux-gnu/ld-2.19.so
cfi=(51) /build/eglibc-3GlaMS/eglibc-2.19/elf/../sysdeps/x86_64/dl-trampoline.S
cfn=(204) _dl_runtime_resolve
calls=1 +19 
* 1354
* 5
* 8

fl=(53) /build/eglibc-3GlaMS/eglibc-2.19/math/../sysdeps/x86_64/fpu/multiarch/s_sin.c
fn=(240) sin
24 1
-24 1
fi=(59) ???
cob=(3)
cfi=(43)
cfn=(210)
calls=1 200 
0 5
fi=(59)
0 1
fe=(53)
0 8

fn=(212) cos
20 2
cob=(3)
cfi=(43)
cfn=(210)
calls=1 200 
* 5
* 1
* 8

fl=(59)
fn=(804) 0x0000000000005990
0 8
cob=(3)
cfi=(149) /build/eglibc-3GlaMS/eglibc-2.19/stdlib/cxa_finalize.c
cfn=(748) __cxa_finalize
calls=1 31 
0 59
cob=(1)
cfi=(51)
cfn=(204)
calls=1 34 
0 1264
0 5
0 1
cfn=(816) 0x0000000000005920
calls=1 0 
0 9
0 3

fn=(296) 0x00000000000059d0
0 16

fn=(816)
0 9

fl=(63) /build/eglibc-3GlaMS/eglibc-2.19/math/../sysdeps/x86_64/fpu/multiarch/s_floor.S
fn=(232) floor
25 1
cob=(3)
cfi=(43)
cfn=(210)
calls=1 200 
* 5
* 1
+1 1
+1 1
+1 1
+1 1
+2 1

fl=(143)
fn=(658)
57 32134592
+19 8033648
+1 8033648
+3 8033648
+10 8033648
-11 4016824
+16 8033648
+1 4016824
-1 4016824
+1 20084120
+67 3896143
+1 3896143
-1 7792286
+1 7792286
-1 3896143
+1 3896143
-1 3896143
+1 3896143
+1 15584572
+9 3896143
-3 3896143
+3 3896143
+14 3896143
-14 7792286
+1 7792286
+3 7792286
+4 3896143
-4 3896143
+14 3896143
-10 3896143
-4 11688429
+4 3896143
-4 7792286
+1 7792286
+3 7792286
+2 3896143
-2 3896143
+2 7792286
+8 3896143
+2 3896143
-12 11688429
+10 3896143
+1 3896143
+3 3896143
-13 3896143
+10 3896143
+1 3896143
+2 7792286
-2 3896143
+1 3896143
-10 3896143
-2 3896143
+13 3896143
-1 3896143
-10 3896143
+3 19480715
+3 7792286
+5 16756758
+1 47486542
+1 5683408
+4 5683408
-4 8525112
+1 2841704
+3 17050224
-4 2108878
+4 2108878
-4 3163317
+1 1054439
+3 6326634
+7 8289
+2 921
-2 6447
+1 1842
-1 5526
+2 921
-2 2763
+1 921
+1 921
-1 921
+1 9210
+3 6447
+2 1842
-2 20262
+2 1842
-2 4605
+2 8289
+3 921
+1 921
-1 921
+1 2763
-1 3684
+1 9210
+1 29472
+1 921
-1 921
+1 2763
-1 921
+1 921
-1 921
+1 18420
+1 3684
-1 1842
+1 9210
+1 1842
-1 921
+1 10131
+3 8289
+26 32134592
-57 15521068
-29 2230443
+1 4460886
+29 4217756
+5 7791365
+21 5526
+1 5526
-27 15216336
-1 16926643
96 12050472
228 921
-1 1842
-16 1383
+13 4134
-1 4134
-3 4134
-4 4431
101 120681
+1 241362
-1 120681
+2 120681
-1 120681
+1 120681
-1 2775663
+1 1810215
+2 120681
+9 120681
-1 120681
-8 120681
+8 120681
+4 120681
-12 120681
+12 120681
-4 120681
-7 241362
+1 241362
+1 241362
+1 241362
+1 241362
+1 241362
+1 241362
+1 120681
+4 120681
-3 120681
+3 724086
+5 354
+10 354
-10 708
+1 708
+1 708
+1 708
+1 708
+1 708
+1 708
+1 708
+1 708
+2 6018
+1 6018
+1 354
-1 354
+1 6018
-1 708
+1 708
-1 354
+1 708
+1 1062
-1 708
+1 354
-1 708
+1 354
-1 354
+1 4248
+1 354
-1 354
+1 1416
-1 354
+1 708
-1 354
+1 2478
+1 354
-1 708
+1 354
-1 1770
+1 354
-1 2124
+1 4956
+1 354
-1 354
+1 1416
-1 354
+1 708
-1 354
+1 2478
+1 354
-1 708
+1 354
-1 1770
+1 354
-1 2124
+1 4956
+1 354
-1 354
+1 1416
-1 354
+1 708
-1 354
+1 2478
+1 354
-1 708
+1 354
-1 1770
+1 354
-1 2124
+1 4956
+1 354
-1 354
+1 1416
-1 354
+1 708
-1 354
+1 2478
+1 354
-1 708
+1 354
-1 1770
+1 354
-1 2124
+1 4956
+1 354
-1 354
+1 1416
-1 354
+1 708
-1 354
+1 2478
+1 354
-1 708
+1 354
-1 1770
+1 354
-1 2124
+1 4956
+1 354
-1 354
+1 1416
-1 354
+1 708
-1 354
+1 2478
+1 354
-1 708
+1 354
-1 1770
+1 354
-1 2124
+1 4956
+1 354
-1 354
+1 1416
-1 354
+1 708
-1 354
+1 2478
+1 354
-1 708
+1 354
-1 1770
+1 354
-1 2124
+1 4956
+1 354
-1 354
+3 354
-2 1416
-1 354
+1 708
-1 354
+1 6018
+1 354
-1 354
+1 3540
+1 354
-1 2478
-1 708
+1 354
-1 354
+1 1416
+1 354
-1 708
+1 354
-1 354
+1 5664
+3 3540
+1 354
-1 708
-38 241008
+16 2124
+8 2124
+4 2124
-8 2124
+15 2124
-3 2124

fl=(64) /build/eglibc-3GlaMS/eglibc-2.19/math/../sysdeps/x86_64/fpu/multiarch/e_atan2.c
fn=(236) __atan2_finite
15 1
-15 1
fi=(59)
cob=(3)
cfi=(43)
cfn=(210)
calls=1 200 
0 5
fi=(59)
0 1
fe=(64)
0 8

fl=(55) /build/eglibc-3GlaMS/eglibc-2.19/math/../sysdeps/x86_64/fpu/multiarch/s_ceilf.S
fn=(216) ceilf
25 1
cob=(3)
cfi=(43)
cfn=(210)
calls=1 200 
* 5
* 1
+1 1
+1 1
+1 1
+1 1
+2 1

fl=(61) /build/eglibc-3GlaMS/eglibc-2.19/math/../sysdeps/x86_64/fpu/multiarch/e_asin.c
fn=(228) __acos_finite
10 2
cob=(3)
cfi=(43)
cfn=(210)
calls=1 200 
* 5
* 1
* 5

fn=(234) __asin_finite
14 2
cob=(3)
cfi=(43)
cfn=(210)
calls=1 200 
* 5
* 1
* 5

fl=(60) /build/eglibc-3GlaMS/eglibc-2.19/math/../sysdeps/x86_64/fpu/multiarch/s_rintf.S
fn=(226) rintf
25 1
cob=(3)
cfi=(43)
cfn=(210)
calls=1 200 
* 5
* 1
+1 1
+1 1
+1 1
+1 1
+2 1

fl=(58) /build/eglibc-3GlaMS/eglibc-2.19/math/../sysdeps/x86_64/fpu/multiarch/e_log.c
fn=(222) __log_finite
15 1
-15 1
fi=(59)
cob=(3)
cfi=(43)
cfn=(210)
calls=1 200 
0 5
fi=(59)
0 1
fe=(58)
0 8

ob=(1)
fl=(24) /build/eglibc-3GlaMS/eglibc-2.19/string/../sysdeps/x86_64/memcpy.S
fn=(66) mempcpy
61 27
+4 27
+3 24
+1 24
+2 10
+1 10
+2 10
+1 10
+5 10
+1 10
-1 14
+1 14
+2 14
+1 14
+2 14
+1 14
+5 14
+1 14
-1 10
+1 10
+2 10
+1 10
+2 10
+1 10
+5 10
+1 10
-1 14
+1 14
+2 13
+1 13
+2 13
+1 26
+5 13
+1 13
-1 11
+1 15
+5 4
+1 4
+1 4
+1 4
+2 4
+2 4
+1 4
+2 4
+6 24
+4 24
+12 4
+2 4
+1 4
+26 4
+1 4
+3 4
+1 4
+1 4
+5 4
+2 4
+1 4
+1 4
+1 4
+2 4
+1 4
+1 4
+1 4
+2 4
+1 4
+2 4
+22 4
+2 4
+2 3
+7 3

fl=(148) /build/eglibc-3GlaMS/eglibc-2.19/elf/dl-fini.c
fn=(722) _dl_sort_fini
32 9
+2 1
-2 4
+2 1
+6 1
-1 2
+2 1
-1 1
-1 2
+1 4
+1 1
cfi=(26) /build/eglibc-3GlaMS/eglibc-2.19/string/../sysdeps/x86_64/rtld-memset.S
cfn=(70) memset
calls=1 -11 
* 20
* 1
+15 8
+62 5
+3 45
cfi=(26)
cfn=(70)
calls=5 -91 
* 60
* 20
-75 10
-1 15
+1 5
+4 15
+71 2
-75 4
-1 6
+1 2
+4 20
+6 7
+1 7
-1 7
+1 13
+2 24
+1 12
-1 48
+1 30
+3 81
-1 114
+31 51
+21 17
-57 34
+61 26
+7 9
-57 11
cfi=(37) /build/eglibc-3GlaMS/eglibc-2.19/string/../string/memmove.c
cfn=(138) memmove
calls=1 -19 
* 64
+2 1
+2 8
+8 6
+7 9
cfi=(37)
cfn=(138)
calls=1 -38 
* 43
+1 1
+2 2
-2 1
+2 1

fn=(720) _dl_fini
131 3
+12 1
-12 5
+19 1
-6 1
+9 10
+3 2
cfi=(2) /build/eglibc-3GlaMS/eglibc-2.19/elf/rtld.c
cfn=(46) rtld_lock_default_lock_recursive
calls=1 838 
* 2
+3 2
+3 2
+2 6
+7 1
+4 1
-4 1
+4 3
+2 2
+3 9
+3 2
+10 14
+2 14
+2 7
+2 7
-2 14
+6 7
-5 7
-7 21
+14 2
+5 6
cfn=(722)
calls=1 32 
* 892
+9 2
cfi=(2)
cfn=(48) rtld_lock_default_unlock_recursive
calls=1 844 
* 2
+4 4
+2 1
+2 3
-2 6
+2 18
+3 14
+3 21
+4 10
+7 10
+4 5
+1 5
-1 5
+2 10
+1 15
+1 10
cob=(4)
cfi=(59)
cfn=(804)
calls=1 0 
* 1349
cob=(6) /usr/local/lib/libgslcblas.so.0.0.0
cfi=(76) ???
cfn=(782) 0x00000000000021d0
calls=1 0 
* 1349
cob=(7) /usr/local/lib/libgsl.so.19.0.0
cfi=(77) ???
cfn=(762) 0x00000000000577a0
calls=1 0 
* 1349
cob=(5) /usr/lib/valgrind/vgpreload_core-amd64-linux.so
cfi=(66) ???
cfn=(736) 0x0000000000000630
calls=1 0 
* 910
cob=(8) /home/jacob/Documents/divergence-metrics-master/WindowMetrics
cfi=(78) ???
cfn=(724) 0x0000000000400cc0
calls=1 0 
* 16
-1 15
+5 15
+1 15
cob=(2) ???
cfi=(14) ???
cfn=(822) 0x0000000004c9b1b8
calls=1 0 
* 3
cob=(2)
cfi=(14)
cfn=(802) 0x00000000053aaf08
calls=1 0 
* 3
cob=(2)
cfi=(14)
cfn=(780) 0x00000000050f9cf8
calls=1 0 
* 3
cob=(2)
cfi=(14)
cfn=(760) 0x0000000004a257e8
calls=1 0 
* 3
cob=(2)
cfi=(14)
cfn=(734) 0x0000000000406d64
calls=1 0 
* 3
+5 42
+16 14
-55 15
-70 2
283 6
-49 4
+55 2
+7 8

fl=(13) /build/eglibc-3GlaMS/eglibc-2.19/elf/dl-object.c
fn=(44) _dl_add_to_namespace_list
32 12
+2 6
-2 18
+2 6
cfi=(2)
cfn=(46)
calls=6 838 
* 12
+2 43
+4 15
-1 60
+2 5
+2 5
+4 5
+4 5
-4 10
+1 10
+1 10
+2 5
+1 15
-1 5
cfi=(2)
cfn=(48)
calls=5 844 
* 10
-4 1
+4 1
-4 2
+1 2
+1 2
+2 1
+1 3
-1 1
cfi=(2)
cfn=(48)
calls=1 844 
* 2
-5 2

fn=(28) _dl_new_object
61 84
+1 6
cfi=(9) /build/eglibc-3GlaMS/eglibc-2.19/string/../sysdeps/x86_64/multiarch/../rtld-strlen.S
cfn=(18) strlen
calls=6 -36 
* 322
+6 6
-6 24
+6 66
+7 24
cfi=(15) /build/eglibc-3GlaMS/eglibc-2.19/elf/dl-minimal.c
cfn=(32) calloc
calls=6 +27 
* 284
* 6
+3 6
-3 6
+3 6
+4 6
+5 12
-6 6
+6 6
-5 6
+4 12
+1 6
cfi=(16) /build/eglibc-3GlaMS/eglibc-2.19/string/../sysdeps/x86_64/multiarch/../memcpy.S
cfn=(42) memcpy
calls=6 -26 
* 164
* 6
+10 12
-8 6
+9 6
-1 12
+1 12
-1 6
+1 12
+3 6
-3 6
+3 6
+9 6
-7 6
+4 6
+3 11
+2 2
-2 2
+2 30
-2 30
+12 6
+6 6
-5 6
-1 6
+6 18
-2 6
+2 12
+2 15
+3 13
+4 15
+4 15
+2 1
+6 1
+3 2
+3 5
-3 10
+3 25
+2 5
+4 5
-4 5
cfi=(9)
cfn=(18)
calls=5 26 
* 322
* 10
+4 5
-4 5
+4 15
+64 10
+4 48
-88 15
-39 13
+39 3
+70 15
cfi=(24)
cfn=(66)
calls=5 61 
* 155
* 5
+5 80
+1 80
-1 80
+1 85
-1 5
+1 15
+5 10
-57 10
cfi=(15)
cfn=(36) malloc
calls=5 -72 
* 170
* 5
+1 5
-1 5
+1 15

fl=(8) /build/eglibc-3GlaMS/eglibc-2.19/elf/../sysdeps/unix/sysv/linux/x86_64/brk.c
fn=(14) brk
31 1
-3 1
+3 6
+8 1
-6 2
+7 1

fl=(35) /build/eglibc-3GlaMS/eglibc-2.19/elf/dl-cache.c
fn=(130) _dl_load_cache_lookup
182 32
+8 8
+3 12
+45 12
+6 12
+9 4
+6 8
-6 12
+6 4
cfi=(23) /build/eglibc-3GlaMS/eglibc-2.19/io/../sysdeps/unix/syscall-template.S
cfn=(64) access
calls=4 81 
* 36
* 4
+4 4
-10 4
+10 12
+15 547
cfn=(134) _dl_cache_libcmp
calls=34 138 
* 3003
* 174
-82 4
cfi=(31) /build/eglibc-3GlaMS/eglibc-2.19/elf/dl-misc.c
cfn=(132) _dl_sysdep_read_whole_file
calls=1 45 
* 67
+8 1
-8 1
+8 4
+1 4
cfi=(12) /build/eglibc-3GlaMS/eglibc-2.19/string/../string/memcmp.c
cfn=(26) bcmp
calls=1 315 
* 112
* 2
+7 1
-3 1
+3 3
+3 1
+1 2
-1 1
+1 1
+1 3
cfi=(12)
cfn=(26)
calls=1 +98 
* 111
* 2
+2 2
+59 54
cfn=(134)
calls=1 138 
* 86
* 12
cfn=(134)
calls=4 138 
* 487
* 18
-14 16
+14 4
-14 8
-1 12
+15 84
+16 8
+5 36
-21 12

fn=(134)
138 117
+1 88
+2 482
+2 241
-2 241
+2 12
+6 6
+2 6
-1 6
-1 6
+1 6
-1 6
+2 20
+1 6
-1 8
+2 31
+1 3
-1 4
+2 12
+1 2
+16 2
-11 470
+2 874
+4 202
+1 202
-29 404
+32 10
+1 10
-8 33
+8 66

fn=(248) _dl_unload_cache
309 4
-1 1
+3 2
cfi=(25) /build/eglibc-3GlaMS/eglibc-2.19/misc/../sysdeps/unix/syscall-template.S
cfn=(250) munmap
calls=1 81 
* 5
+1 1
+2 2

fl=(37)
fn=(138)
49 4
+6 4
-6 4
+6 4
-6 12
+6 8
+8 16
+3 8
+1 2
-1 2
+1 2
+12 28
+6 8
-6 2
+6 48
+31 20
-37 2
cfi=(38) /build/eglibc-3GlaMS/eglibc-2.19/string/wordcopy.c
cfn=(140) _wordcopy_fwd_aligned
calls=2 -41 
* 36
* 4

fl=(17) /build/eglibc-3GlaMS/eglibc-2.19/string/../sysdeps/x86_64/multiarch/../strcmp.S
fn=(50) strcmp
131 708
+1 708
+1 708
+1 354
+1 354
+1 354
+1 354
cfn=(51) strcmp'2
calls=354 -6 
* 17422
+5 354
+1 354
+1 354
+1 354

fn=(51)
131 2434
+1 2434
+1 2434
+1 2272
+1 2272
+1 2272
+1 2272
cfn=(51)
calls=2080 -6 
* 80286
+2 192
+1 192
+2 162
+1 162
+1 162
+1 162

fl=(41) /build/eglibc-3GlaMS/eglibc-2.19/elf/dl-reloc.c
fn=(162) _dl_relocate_object
154 70
+15 7
-15 14
+15 7
+1 28
+6 14
+6 21
-18 14
+22 14
+7 14
-32 7
+77 7
fi=(5) /build/eglibc-3GlaMS/eglibc-2.19/elf/../sysdeps/x86_64/dl-machine.h
71 7
fe=(41)
238 14
fi=(5)
71 21
fe=(41)
264 324
-99 30
fi=(5)
276 48
fe=(41)
-12 6
fi=(4) /build/eglibc-3GlaMS/eglibc-2.19/elf/do-rel.h
48 6
fe=(41)
264 6
fi=(4)
58 6
fe=(41)
264 6
fi=(4)
47 12
+11 12
fe=(41)
264 1
-99 5
fi=(5)
276 8
fe=(41)
-12 1
fi=(4)
48 1
fe=(41)
264 1
fi=(4)
58 1
fe=(41)
264 1
fi=(4)
47 2
+11 2
fe=(41)
264 7
fi=(4)
48 7
fe=(41)
264 7
fi=(4)
58 7
fe=(41)
264 7
fi=(4)
47 14
+11 14
+3 24
fi=(5)
503 2730
+4 2730
+2 4095
+1 1365
fi=(4)
61 4146
+2 4152
+2 61
-4 6
+13 12
+1 10
+1 38
fi=(5)
503 19
+24 19
fi=(4)
75 19
fi=(5)
527 19
+2 19
cob=(4)
cfi=(53)
cfn=(240)
calls=1 24 
* 16
cob=(4)
cfi=(64)
cfn=(236)
calls=1 15 
* 16
cob=(4)
cfi=(61)
cfn=(234)
calls=1 14 
* 13
cob=(4)
cfi=(63)
cfn=(232)
calls=1 25 
* 12
cob=(4)
cfi=(62)
cfn=(230)
calls=1 25 
* 12
cob=(4)
cfi=(61)
cfn=(228)
calls=1 10 
* 13
cob=(4)
cfi=(60)
cfn=(226)
calls=1 25 
* 12
cob=(4)
cfi=(58)
cfn=(222)
calls=1 15 
* 16
cob=(4)
cfi=(57)
cfn=(220)
calls=1 8 
* 13
cob=(4)
cfi=(56)
cfn=(218)
calls=1 25 
* 12
cob=(4)
cfi=(55)
cfn=(216)
calls=1 25 
* 12
cob=(4)
cfi=(54)
cfn=(214)
calls=1 25 
* 12
cob=(4)
cfi=(53)
cfn=(212)
calls=1 20 
* 16
cob=(4)
cfi=(50)
cfn=(196)
calls=1 15 
* 1374
cob=(3)
cfi=(48) /build/eglibc-3GlaMS/eglibc-2.19/string/../sysdeps/x86_64/multiarch/memmove.c
cfn=(190) memcpy@GLIBC_2.2.5
calls=1 49 
* 13
cob=(3)
cfi=(47) /build/eglibc-3GlaMS/eglibc-2.19/time/../sysdeps/unix/sysv/linux/x86_64/gettimeofday.c
cfn=(186) gettimeofday
calls=1 31 
* 68
cob=(3)
cfi=(42) /build/eglibc-3GlaMS/eglibc-2.19/string/../sysdeps/x86_64/multiarch/strcmp.S
cfn=(184) strncasecmp
calls=1 140 
* 6
cob=(3)
cfi=(44) /build/eglibc-3GlaMS/eglibc-2.19/time/../sysdeps/unix/sysv/linux/x86_64/time.c
cfn=(178) time
calls=1 37 
* 68
cob=(3)
cfi=(42)
cfn=(174) strcasecmp
calls=1 114 
* 100
fi=(4)
75 19
fi=(5)
530 19
fi=(4)
75 23
fe=(41)
264 6
fi=(4)
75 12
fe=(41)
264 36
+3 21
+28 7
+3 14
+17 21
+2 56
fi=(4)
84 8
+2 16
+12 8
-15 8
+15 8
-15 8
+15 8
+10 12
+3 17
fi=(5)
487 5
fi=(4)
112 10
fi=(5)
487 2264
fi=(4)
112 4508
fi=(5)
487 4508
+5 4518
+1 4518
fi=(4)
111 4518
fi=(5)
493 2259
fi=(4)
111 2259
+7 24
+3 7
+3 7
-3 7
+3 7
fi=(5)
422 6
fi=(4)
50 6
fi=(5)
422 6
fi=(4)
51 6
fi=(5)
422 24
fi=(4)
127 828
+9 414
+3 414
fi=(5)
244 207
fi=(4)
138 207
-2 207
+1 828
fi=(5)
244 207
+21 414
+4 414
+7 4262
fi=(4)
137 186
+1 186
fi=(5)
276 372
fi=(4)
137 186
fi=(5)
276 586
fi=(4)
137 7
+1 7
fi=(5)
276 14
fi=(4)
137 7
fi=(5)
276 2530
cfi=(6) /build/eglibc-3GlaMS/eglibc-2.19/elf/dl-lookup.c
cfn=(168) _dl_lookup_symbol_x
calls=193 714 
* 126454
* 965
+2 588
+3 193
-3 386
+3 579
+6 1449
fe=(41)
183 14
+81 5
fi=(5)
77 12
+4 18
+14 6
-8 6
+8 12
+13 12
+3 24
410 576
fi=(4)
124 645
+19 12
fi=(5)
276 33
382 33
+4 55
+5 55
-71 2
+1 3
449 9
+4 18
cfi=(16)
cfn=(42)
calls=3 61 
* 54
+2 9
+1 3
fi=(4)
108 3
fe=(41)
323 14
+1 7
+1 7
-1 7
-1 14
+2 7
+3 14
+1 21
cfi=(25)
cfn=(114) mprotect
calls=7 81 
* 35
* 14
fi=(4)
160 8
+2 20
+8 10
+1 5
-1 5
+1 5
fi=(5)
+73 5
fi=(4)
-74 10
fi=(5)
+74 5
+21 10
+4 10
+7 135
cfi=(6)
cfn=(168)
calls=5 714 
* 3209
* 20
+2 15
+3 1
-3 2
+3 3
+6 35
410 15
fi=(4)
160 15
+14 5
fi=(5)
276 86
fe=(41)

fl=(25)
fn=(68) mmap
81 80
+1 16

fn=(114)
81 48
+1 12

fn=(250)
81 4
+1 1

fl=(6)
fn=(172) check_match.9458
131 1435
+1 410
+2 410
+2 615
-2 410
+12 615
+3 602
cfi=(17)
cfn=(50)
calls=48 -18 
* 3603
* 96
+5 205
-1 205
+1 205
-1 205
+1 205
+2 228
+19 228
+1 912
+46 1435
-18 182
+2 182
+1 273
-1 182
+1 91
-1 182
-29 342
cfi=(17)
cfn=(50)
calls=114 -46 
* 9888
* 228

fn=(10) _dl_setup_hash
859 21
+4 7
+4 14
+2 7
-1 7
+3 21
+1 7
+1 14
+3 7
-1 7
-2 7
+3 7
+4 14
-2 7
+1 7
+1 14
+1 7

fn=(168)
714 2676
476 223
714 446
476 669
-1 446
+2 223
-1 223
+1 669
-1 669
+1 3111
-1 3111
+1 9333
-1 9779
716 223
+4 223
+4 223
-8 223
+1 446
+7 451
+5 223
+2 446
-2 223
+6 1784
+2 2899
cfn=(170) do_lookup_x
calls=223 82 
* 107856
+3 446
+3 18
-8 72
-7 446
+38 446
+22 205
+1 1435
+26 205
+9 1025
+14 615
+3 820
+5 205
+2 1784
-9 2
-71 126
+16 18
+1 36

fn=(170)
82 2007
+1 223
-6 223
+5 669
-5 1561
+12 223
229 223
+3 446
-3 223
+3 446
98 223
-3 223
+1 223
+2 223
+3 223
-3 223
+3 223
-3 920
-3 920
+1 920
+2 920
+3 920
-3 920
+3 920
+4 2322
+4 2280
+4 2280
+6 3420
+4 2280
+1 3420
225 1140
+1 2280
+4 2280
-2 1140
+5 4560
+4 2280
-1 2280
+1 1140
-1 2280
+21 935
+24 1870
461 4401
+1 775
cfi=(31)
cfn=(100) _dl_name_match_p
calls=155 288 
* 8035
* 930
+3 2814
+3 36
286 1588
+4 449
+13 205
+1 205
-1 205
+1 205
+1 205
469 1784
240 988
-1 494
+2 494
+2 723
+10 744
-7 2265
+2 410
+1 820
-1 410
+1 205
-1 820
+1 615
cfn=(172)
calls=205 131 
* 23574
+1 1025

fl=(12)
fn=(26)
315 22
+3 22
-3 110
+4 22
-4 22
+7 44
+4 24
+2 1
+1 1
+1 1
+1 1
+2 2
-5 1
+1 1
+1 1
+1 1
+2 2
+2 2
-9 6
+16 8
+1 16
-1 16
129 35
-18 15
346 10
+4 3
+2 3
-2 6
+1 3
+5 34
+2 15
+1 15
+1 15
+3 165
-3 93
-2 93
+1 93
+4 186
-7 214
+12 16
+1 176
228 3
-7 3
+1 3
+4 3
+2 3
-6 3
+4 3
+2 15
-95 5
+1 5
+1 5
+1 5
+1 5
+48 5
-2 5
+1 5
+1 35
-80 5
+1 10
+4 10
-5 20
+1 40
+4 45
234 3
+2 3
-4 3
+1 3
+4 3
-2 3
+56 6
-2 3
+2 6
-1 3
+1 6
+1 6
+12 18
+1 6
-6 6

fl=(32) /build/eglibc-3GlaMS/eglibc-2.19/io/../sysdeps/unix/sysv/linux/wordsize-64/fxstat.c
fn=(112) _fxstat
34 6
-1 6
+1 6
+1 36
+4 6

fl=(31)
fn=(132)
45 1
+7 1
-7 3
+7 1
-7 1
+1 1
-1 2
+7 1
cfi=(23)
cfn=(104) open
calls=1 +29 
* 5
+1 1
-1 1
+1 1
+2 4
cfi=(32)
cfn=(112)
calls=1 -21 
* 10
* 2
+2 1
+3 1
-3 1
+3 1
+13 2
cfi=(23)
cfn=(118) close
calls=1 +8 
* 5
+3 7
-14 6
cfi=(25)
cfn=(68)
calls=1 +19 
* 6
* 2

fn=(100)
288 1230
+1 492
cfi=(17)
cfn=(50)
calls=246 131 
* 1729
* 246
+1 246
-1 246
+3 246
+2 492
+4 244
-4 488
+1 774
cfi=(17)
cfn=(50)
calls=258 131 
* 5236
* 516
-5 14
+11 302
-1 232
+1 928

fl=(39) /build/eglibc-3GlaMS/eglibc-2.19/elf/dl-version.c
fn=(146) _dl_check_all_versions
380 6
+4 4
-2 2
+4 49
cfn=(148) _dl_check_map_versions
calls=7 174 
* 8109
-2 7
+2 21
-1 7
-1 14
+5 7

fn=(148)
174 63
+15 7
-15 14
+15 14
+2 7
+3 7
-3 7
+2 7
+1 7
+2 7
-3 7
+3 7
+3 20
+4 30
+17 5
56 5
220 5
56 5
220 5
56 25
220 3
56 3
220 3
56 3
220 3
56 15
+1 32
-1 64
+2 120
cfi=(31)
cfn=(100)
calls=40 288 
* 2508
* 88
228 24
+5 56
+19 8
-15 200
cfn=(150) match_symbol
calls=3 76 
* 469
* 39
cfn=(150)
calls=13 76 
* 2288
* 16
+7 64
+3 56
+9 32
+5 3
+1 3
-79 2
-8 2
+95 21
+3 9
+10 30
-7 120
+3 90
-3 12
+3 9
+8 7
+86 7
-86 7
+87 8
-81 24
cfi=(15)
cfn=(32)
calls=6 102 
* 279
* 6
+1 6
-2 6
+2 6
+11 6
-3 6
+3 12
+2 18
+3 20
+4 24
+18 8
-15 24
+2 24
-2 24
+2 24
+2 16
+1 16
-1 32
+1 16
-1 16
+1 16
+1 16
-2 16
+2 32
+1 48
+3 48
+8 24
+5 3
+1 3
+4 18
+3 12
+20 30
-14 30
-2 30
+2 33
-2 3
+2 3
+4 30
+2 30
-1 60
+1 30
-1 90
+1 30
+1 30
+3 99
+10 6
-1 6
+1 42

fn=(150)
76 176
+9 16
-8 16
-1 32
+1 16
+8 16
+6 48
+15 16
+1 32
+2 16
+5 32
+14 214
+12 273
+4 91
-30 182
+16 16
+3 64
cfi=(17)
cfn=(50)
calls=16 -2 
* 1341
* 32
+35 128

fl=(20) /build/eglibc-3GlaMS/eglibc-2.19/posix/../sysdeps/unix/syscall-template.S
fn=(58) uname
81 4
+1 1

fl=(19) /build/eglibc-3GlaMS/eglibc-2.19/elf/../sysdeps/unix/sysv/linux/dl-sysdep.c
fn=(56) _dl_discover_osversion
45 7
+2 3
+85 8
-45 3
cfi=(20)
cfn=(58)
calls=1 -6 
* 5
* 1
+15 1
-15 1
+20 1
-1 1
+3 12
+4 3
-2 6
+2 10
+2 1
+1 2
-3 4
+7 3
-1 3
+4 3
-2 3
+2 10
+5 2

fl=(29) /build/eglibc-3GlaMS/eglibc-2.19/elf/dl-error.c
fn=(90) _dl_catch_error
163 22
+15 11
-3 22
+1 22
-13 22
+14 22
+1 11
+2 11
cfi=(2)
cfn=(92) _dl_initial_error_catch_tsd
calls=11 798 
* 22
+2 11
-1 11
+4 11
-5 11
+2 11
+3 11
-4 11
+4 11
cfi=(30) /build/eglibc-3GlaMS/eglibc-2.19/setjmp/../sysdeps/x86_64/setjmp.S
cfn=(94) __sigsetjmp
calls=11 26 
* 209
* 33
+2 33
cfi=(33) /build/eglibc-3GlaMS/eglibc-2.19/elf/dl-deps.c
cfn=(122) openaux
calls=10 60 
* 23785
cfi=(2)
cfn=(96) map_doit
calls=1 625 
* 2458
+1 22
+2 11
+1 11
-3 11
+1 22
+1 11
+1 11
+8 44

fn=(142) _dl_receive_error
205 10
+1 1
cfi=(2)
cfn=(92)
calls=1 798 
* 2
+5 1
-1 1
-4 1
+9 1
+2 1
-3 1
+3 1
cfi=(2)
cfn=(144) version_check_doit
calls=1 657 
* 8236
+2 1
+1 1
+1 8

fl=(51)
fn=(204)
34 25
+2 25
+1 25
+1 25
+1 25
+1 25
+1 25
+1 25
+1 25
+1 25
+1 25
cfi=(52) /build/eglibc-3GlaMS/eglibc-2.19/elf/../elf/dl-runtime.c
cfn=(206) _dl_fixup
calls=25 +21 
* 27106
+1 25
+1 25
+1 25
+1 25
+1 25
+1 25
+1 25
+1 25
+1 25
+2 25

fl=(104) /build/eglibc-3GlaMS/eglibc-2.19/elf/dl-open.c
fn=(438) _dl_find_dso_for_object
182 5
+1 4
+1 24
+1 2
+3 2
+4 1
-9 15

fl=(9)
fn=(18)
26 25
+1 25
+1 25
+1 25
+2 15
+1 15
+2 15
+1 15
-1 46
+1 46
+1 60
+1 60
+1 60
+2 48
+5 24
+1 24
+1 24
+1 24
+3 24
-6 4
+1 4
+1 4
+1 4
+3 4
+1 27
+1 27
+1 27
+2 27
+3 23
+1 23
+1 23
+1 23
+3 23
+1 16
+1 16
+1 16
+2 16
+3 12
+1 12
+1 12
+1 12
+3 12
+1 12
+1 12
+1 12
+2 12
+3 11
+1 11
+1 11
+1 11
+3 11
+1 6
+1 6
+1 6
+2 8
+3 2
+2 2
+1 2
-3 22
+2 22
+1 22
+1 24
+2 24
+1 24
+1 20
+2 20
+1 20
+1 18
+2 18
+1 18
+1 15
+2 15
+2 15
+1 15
+1 14
+2 14
+1 14
+1 10
+2 10
+1 10
+1 7
+2 7
+1 7
-1 18
+1 18

fl=(15)
fn=(40) __libc_memalign
51 148
+1 183
+11 36
+1 36
-1 36
+3 36
-3 36
+3 72
-3 1
+1 1
-1 1
+3 1
-3 1
+3 134
+4 16
+1 12
+6 28
cfi=(25)
cfn=(68)
calls=4 +4 
* 24
+2 20
+4 12
+3 4
+1 4
+2 20
-3 33
+1 33
+2 264
-31 3
+1 1
-2 3

fn=(82) free
121 1
-2 2
+2 1
+7 2

fn=(76) strsep
338 8
+2 4
+1 8
+4 132
+7 366
-2 244
+10 61
-15 185
+18 2
+4 4

fn=(32)
102 14
+7 42
-3 14
+3 28
+4 14
cfn=(36)
calls=14 -20 
* 523
* 14

fn=(36)
93 36
+1 72
cfn=(40)
calls=36 -43 
* 1148
* 36

fl=(26)
fn=(70)
30 22
+1 22
+1 22
+1 3186
+1 22
+1 22

fl=(65) /build/eglibc-3GlaMS/eglibc-2.19/elf/dl-init.c
fn=(256) call_init.part.0
34 56
+8 7
-8 7
+11 7
-3 14
+3 21
+5 18
+5 10
+8 10
+1 30
cob=(2)
cfi=(14)
cfn=(316) 0x0000000004f7d7c0
calls=1 -64 
* 6
cob=(2)
cfi=(14)
cfn=(304) 0x00000000053750b8
calls=1 -64 
* 6
cob=(2)
cfi=(14)
cfn=(292) 0x0000000004c2c400
calls=1 -64 
* 6
cob=(3)
cfi=(67) /build/eglibc-3GlaMS/eglibc-2.19/csu/../csu/init-first.c
cfn=(270) _init
calls=1 -12 
* 181
cob=(2)
cfi=(14)
cfn=(258) 0x0000000004a25560
calls=1 -64 
* 6
+3 5
+1 10
+6 5
+2 10
-2 10
+3 25
+1 20
cob=(7)
cfi=(77)
cfn=(320) 0x00000000000577e0
calls=1 -78 
* 16
cob=(6)
cfi=(76)
cfn=(308) 0x0000000000002210
calls=1 -78 
* 16
cob=(4)
cfi=(59)
cfn=(296)
calls=1 -78 
* 16
cob=(3)
cfi=(73) /build/eglibc-3GlaMS/eglibc-2.19/string/../sysdeps/x86_64/multiarch/../cacheinfo.c
cfn=(282) init_cacheinfo
calls=1 550 
* 1045
cob=(5)
cfi=(66)
cfn=(262) 0x0000000000000670
calls=1 -78 
* 16
* 4
cob=(3)
cfi=(75) /build/eglibc-3GlaMS/eglibc-2.19/elf/dl-altinit.c
cfn=(290) dlinit_alt
calls=1 -45 
* 4
* 6
-1 12
+3 36
-29 2
+29 6
-34 3

fn=(254) _dl_init
86 11
+1 1
+1 1
+3 3
+7 4
+27 24
+1 21
-90 38
cfn=(256)
calls=6 -2 
* 1575
* 6
+96 8
-96 3
cfn=(256)
calls=1 -2 
* 77
+58 2

fl=(2)
fn=(88) do_preload
804 1
+12 1
-12 5
+10 1
-4 1
+1 1
+5 4
-10 1
+6 1
+4 1
cfi=(29)
cfn=(90)
calls=1 163 
* 2519
+1 3
+8 3
+6 5

fn=(48)
844 16

fn=(152) init_tls
724 1
-1 1
-6 1
+2 2
+4 1
+10 4
cfi=(15)
cfn=(32)
calls=1 102 
* 43
* 1
+11 1
-15 1
+3 1
+6 1
+2 1
-11 1
+15 1
+2 1
-1 1
+1 16
+2 14
+4 1
+2 1
-2 2
-5 14
+9 3
+3 1
cfi=(36) /build/eglibc-3GlaMS/eglibc-2.19/elf/dl-tls.c
cfn=(154) _dl_determine_tlsoffset
calls=1 112 
* 73
+7 1
cfi=(36)
cfn=(156) _dl_allocate_tls_storage
calls=1 328 
* 428
+1 1
-1 1
+1 1
+6 1
+8 1
-8 1
+8 6
+4 1
+2 1
+1 2

fn=(22) dl_main
891 1
+19 1
-19 9
+19 1
+3 1
2492 1
891 1
2492 1
913 1
+4 1
-26 1
+26 1
+1 2
+5 2
2485 2
+7 1
-4 1
+4 1
-5 1
+5 9
+2 2
cfi=(11) /build/eglibc-3GlaMS/eglibc-2.19/elf/dl-environ.c
cfn=(24) _dl_next_ld_env_entry
calls=1 30 
* 92
* 4
cfi=(11)
cfn=(24)
calls=2 30 
* 312
* 9
+4 48
+1 19
-1 57
+3 4
+6 16
+76 4
cfi=(12)
cfn=(26)
calls=1 315 
* 120
* 2
+2 3
-55 4
cfi=(12)
cfn=(26)
calls=1 315 
* 26
* 2
2660 3
+33 3
933 4
1132 7
cfi=(13)
cfn=(28)
calls=1 61 
* 248
+2 1
-2 1
+2 1
+1 1
+1 1
+5 2
-5 1
+1 3
+4 1
cfi=(13)
cfn=(44)
calls=1 32 
* 34
+1 2
900 1
1171 1
-3 1
-5 1
+1 1
+2 1
+5 6
+56 2
897 1
1227 2
-55 24
-1 27
+1 47
-1 2
1274 3
+3 2
+2 2
+2 2
+13 3
+1 8
cfi=(17)
cfn=(50)
calls=1 131 
* 7
* 3
+7 1
+3 1
-5 1
+3 1
+2 1
+1 2
+4 2
+2 2
fi=(3) /build/eglibc-3GlaMS/eglibc-2.19/elf/get-dynamic-info.h
29 1
+9 2
+6 1
-2 1
+2 2
+7 1
+5 1
+3 1
+2 1
-3 1
-3 1
-3 14
+10 3
-18 9
+8 22
+10 22
-18 66
+18 1
-18 3
+2 52
+5 16
+2 4
+16 3
+38 3
+5 2
+7 2
+1 3
+16 3
+14 3
+18 2
fe=(2)
1317 2
cfi=(6)
cfn=(10)
calls=1 859 
* 25
+3 4
fi=(18) /build/eglibc-3GlaMS/eglibc-2.19/elf/setup-vdso.h
24 2
fe=(2)
1342 1
cfi=(19)
cfn=(56)
calls=1 45 
* 93
* 8
1176 3
+1 1
+90 2
+1 2
+1 1
-6 2
+1 1
-37 2
-1 2
+1 4
-1 2
+2 4
+1 1
+3 2
+1 2
-1 2
+1 2
+1 2
+1 6
+1 2
-43 1
-2 2
+27 1
-25 1
+7 2
-10 1
+10 1
-19 3
+1 1
fi=(3)
56 4
+3 4
+1 1
+1 3
fe=(2)
2537 4
cfi=(12)
cfn=(26)
calls=1 315 
* 80
* 2
+2 3
1347 2
cfi=(21) /build/eglibc-3GlaMS/eglibc-2.19/elf/dl-load.c
cfn=(60) _dl_init_paths
calls=1 714 
* 1697
+3 3
cfi=(28) /build/eglibc-3GlaMS/eglibc-2.19/elf/dl-debug.c
cfn=(84) _dl_debug_initialize
calls=1 50 
* 17
+7 1
-7 1
+2 1
+5 1
+3 3
+1 1
+3 1
-3 3
+1 2
+3 1
+5 1
-7 1
+7 1
+1 5
+4 1
+4 1
-2 4
+1 2
+1 3
+5 2
+1 6
+2 2
+1 2
+5 2
+5 3
906 1
1579 3
+3 2
+4 3
+5 2
+1 1
cfi=(28)
cfn=(86) _dl_debug_state
calls=1 74 
* 1
+5 3
+15 3
+4 3
+31 3
cfi=(23)
cfn=(64)
calls=1 81 
* 9
* 2
+77 4
+17 3
+1 1
-1 1
+1 2
-1 1
+1 5
cfi=(33)
cfn=(120) _dl_map_object_deps
calls=1 147 
* 28041
+1 1
+5 1
-5 3
+2 2
+3 4
+1 4
-1 2
+1 24
-1 12
+4 3
+1 3
+1 1
+2 2
+1 5
-1 7
+1 10
-1 15
-28 1
+1 1
-1 7
+4 1
+1 1
-1 1
+2 2
+1 2
+35 1
-1 2
+1 1
+2 1
+2 3
+2 1
-4 2
+5 1
-1 2
+14 2
+1 2
+1 3
+12 1
+1 1
-2 1
+2 1
-2 1
+2 1
-2 1
+2 1
-2 1
+2 1
cfi=(29)
cfn=(142)
calls=1 205 
* 8266
+10 1
+1 1
-1 1
+1 1
+1 1
cfn=(152)
calls=1 724 
* 633
* 1
+2 2
+3 1
cfn=(158) security_init
calls=1 851 
* 22
+2 2
2054 3
+56 1
+4 1
+7 1
-11 1
+4 3
+4 2
+3 1
+8 2
+95 4
+1 1
+5 2
cfi=(36)
cfn=(244) _dl_allocate_tls_init
calls=1 376 
* 275
+4 2
+14 3
+2 2
+29 1
cfi=(7) /build/eglibc-3GlaMS/eglibc-2.19/elf/../elf/dl-sysdep.c
cfn=(246) _dl_sysdep_start_cleanup
calls=1 256 
* 1
+4 3
+20 3
cfi=(28)
cfn=(84)
calls=1 50 
* 8
+1 1
+1 1
cfi=(28)
cfn=(86)
calls=1 74 
* 1
+5 1
cfi=(35)
cfn=(248)
calls=1 309 
* 15
+5 8
-65 2
+15 1
+3 1
-3 1
+3 1
-3 2
+3 2
-3 1
+2 1
+1 1
cfi=(41)
cfn=(162)
calls=1 154 
* 7715
+1 4
+2 3
-96 3
+7 1
+2 11
+2 1
+2 21
+5 14
+2 14
+8 7
-2 7
+2 14
+1 48
cfi=(41)
cfn=(162)
calls=6 154 
* 192638
+4 23
-22 18
+25 4
+2 1
+6 1
-6 1
+6 1
-22 1
+1 1
-3 2
+14 2
cfi=(36)
cfn=(194) _dl_add_to_slotinfo
calls=1 831 
* 20
* 1
-69 1
899 2
1767 2
+21 3
1623 2
cfi=(9)
cfn=(18)
calls=1 26 
* 91
* 8
cfi=(16)
cfn=(42)
calls=1 61 
* 65
* 1
+3 5
-12 1
+12 1
+3 3
cfi=(15)
cfn=(76)
calls=1 338 
* 765
* 3
cfi=(15)
cfn=(76)
calls=1 338 
* 6
* 6
+1 2
+1 3
+2 4
cfn=(88)
calls=1 804 
* 2547
* 2
1336 3
1635 1
+1 1
-1 3
+1 1
+1 3

fn=(96)
625 2
+2 7
cfi=(21)
cfn=(98) _dl_map_object
calls=1 2317 
* 2446
* 1
+2 2

fn=(2) _dl_start
362 9
+18 4
fi=(3)
44 1
fe=(2)
380 1
fi=(5)
58 3
fi=(3)
-14 1
fe=(2)
409 1
-3 1
fi=(3)
44 1
+17 2
-3 1
-7 1
+5 1
+3 1
+2 1
-3 1
-3 1
-3 2
-5 26
+15 13
-18 39
+18 1
-18 3
+2 36
+5 20
+1 16
+10 4
-18 12
+25 2
+20 4
+1 4
+1 4
+1 4
+2 4
+5 4
+1 4
+1 4
+6 3
+5 2
+7 3
+1 3
+8 3
+2 3
+3 2
+1 2
fe=(2)
537 2
+7 1
285 2
+12 2
cfi=(6)
cfn=(10)
calls=1 859 
* 25
+1 2
+1 2
+1 2
+1 2
+21 1
+10 1
-10 3
+10 1
-6 1
-4 1
+10 1
cfi=(7)
cfn=(12) _dl_sysdep_start
calls=1 86 
* 245718
* 1
+9 4
+3 1
+4 1
-4 1
+4 1
569 9
fi=(3)
53 4
+3 4
fe=(2)
542 34
fi=(4)
84 1
+27 1
-28 1
+28 2
+1 2
fi=(5)
492 2
fi=(4)
112 18
fi=(5)
492 18
+1 20
fi=(4)
111 20
fi=(5)
493 10
fi=(4)
111 10
+5 2
+8 1
fi=(5)
287 1
fi=(4)
124 2
+13 1
+2 2
-2 1
fi=(5)
241 1
fi=(4)
137 1
fi=(5)
269 1
fi=(4)
137 2
fi=(5)
269 1
fi=(4)
137 8
+2 16
-2 8
fi=(5)
241 8
fi=(4)
137 8
fi=(5)
269 8
fi=(4)
137 16
fi=(5)
269 8
+9 18
+3 9
-3 18
+3 27
+6 54
fi=(3)
59 4
+1 1
+1 2
fe=(2)
285 73
fi=(5)
391 9
+9 9
fi=(4)
124 28
fe=(2)

fn=(158)
851 2
+2 1
fi=(40) /build/eglibc-3GlaMS/eglibc-2.19/elf/../sysdeps/unix/sysv/linux/dl-osinfo.h
61 2
+23 2
+2 1
+7 1
fe=(2)
855 1
+6 2
+2 1
fi=(40)
101 2
+11 1
fe=(2)
866 1
+2 1
+6 1
+1 3

fn=(46)
838 16

fn=(92)
798 24

fn=(144)
657 2
+2 4
cfi=(39)
cfn=(146)
calls=1 380 
* 8226
* 2
+4 2

fl=(34) /build/eglibc-3GlaMS/eglibc-2.19/io/../sysdeps/unix/sysv/linux/wordsize-64/xstat.c
fn=(128) _xstat
34 4
-1 4
+1 4
+1 24
+4 1
-4 12

fl=(52)
fn=(206)
66 50
+6 50
-6 75
+3 25
-1 25
+1 25
+3 25
+1 25
-1 50
+1 125
+1 25
-1 25
+1 50
+5 50
+4 50
+4 75
+4 48
+1 96
+2 96
+7 75
-1 25
+8 50
+3 225
cfi=(6)
cfn=(168)
calls=25 714 
* 25039
* 25
+4 75
+4 100
+6 150
+16 25
-8 25
+8 75
+4 75
fi=(5)
+65 25
fe=(52)
-61 125
-64 2

fl=(28)
fn=(84)
50 14
+5 12
+5 2
-1 1
+1 2
+1 2
-1 2
-9 7
+4 14
+4 1
-1 1
-58 7

fn=(86)
74 2

fl=(33)
fn=(120)
147 1
+1 1
-1 2
+1 1
-1 1
+1 1
-1 1
+1 2
-1 5
+1 1
-1 1
+1 2
+14 1
-2 1
+1 1
-13 1
+14 1
+6 3
+10 1
-10 1
+10 3
-14 1
-4 1
+2 1
+17 1
-17 1
-2 2
+2 1
-2 1
+2 1
-2 1
+1 1
+1 1
+6 3
+10 1
-10 1
+10 3
-16 3
+20 1
+21 1
+1 1
-22 2
+19 1
-12 1
+15 1
-16 1
+13 1
343 9
209 1
+8 1
-4 1
+4 1
-8 6
+8 6
-4 6
+4 6
+12 14
+2 5
+11 5
-5 5
-6 10
+5 5
+2 10
+1 10
+3 20
-32 5
+32 10
+50 20
+1 18
-51 516
+1 258
+6 50
cfi=(27) /build/eglibc-3GlaMS/eglibc-2.19/string/../sysdeps/x86_64/multiarch/../strchr.S
cfn=(72) index
calls=10 24 
* 278
* 20
+5 50
-3 10
+3 10
cfi=(29)
cfn=(90)
calls=10 -91 
* 24395
+2 30
+15 10
+2 20
+5 5
+6 5
-6 10
+3 5
+1 5
+1 5
+1 5
+4 25
-2 20
-57 8
-19 2
471 14
+2 15
+3 10
-1 5
cfi=(15)
cfn=(36)
calls=5 93 
* 170
* 5
+2 5
-2 5
+2 5
+3 5
+1 20
+1 5
-1 10
cfi=(16)
cfn=(42)
calls=5 61 
* 118
+1 20
cfi=(16)
cfn=(42)
calls=5 61 
* 118
+4 5
-1 5
+5 28
+3 18
-1 7
+1 14
202 1
497 6
+1 2
+3 5
+11 3
-1 1
cfi=(15)
cfn=(36)
calls=1 93 
* 34
* 1
+3 1
-3 1
+3 1
+5 7
+1 4
+2 15
+6 18
+4 6
-10 6
+10 6
-10 13
+6 3
+4 1
-10 1
+10 1
-10 3
+13 2
+51 6
+2 3
+42 2
+1 1
-1 6
+1 1
cfi=(26)
cfn=(70)
calls=1 30 
* 20
* 1
-2 10
+13 1
-6 1
-1 1
+1 1
+6 2
-13 18
+13 6
-6 6
-1 6
+1 6
+6 18
+2 24
+1 12
-1 48
+1 30
+3 81
-1 114
+23 17
-28 34
+31 18
+3 50
cfi=(26)
cfn=(70)
calls=5 30 
* 60
* 33
217 14
+1 32
+2 5
+2 15
+2 26
652 10
cfi=(37)
cfn=(138)
calls=1 49 
* 64
+4 2
-2 1
+2 8
+2 2
+25 2
+2 1
+1 1
-1 1
+2 3
+7 3
+3 2
+3 8
295 357
663 4
-1 1
+1 3
cfi=(37)
cfn=(138)
calls=1 49 
* 43
+2 1
+2 2
-44 7
cfi=(16)
cfn=(42)
calls=1 61 
* 51
+2 1
-38 1
+38 2

fn=(122)
60 20
+7 10
-4 30
+1 10
-1 10
+1 10
-1 50
cfi=(21)
cfn=(98)
calls=10 2317 
* 23615
* 10
+5 20

fl=(21)
fn=(78) expand_dynamic_string_token
415 16
+10 6
cfi=(27)
cfn=(72)
calls=2 24 
* 70
* 4
161 4
cfi=(9)
cfn=(18)
calls=2 26 
* 125
* 2
+1 4
cfi=(15)
cfn=(36)
calls=2 -69 
* 68
* 2
+2 4
+3 6
440 10
167 2
cfi=(16)
cfn=(42)
calls=2 61 
* 78

fn=(126) open_verify.constprop.6
1871 110
+38 11
-38 11
+38 22
+21 44
cfi=(23)
cfn=(104)
calls=11 81 
* 83
+1 11
-1 11
+1 11
+10 4
+1 8
+5 24
cfi=(23)
cfn=(106) read
calls=4 81 
* 20
+2 8
+2 4
+2 4
-2 8
+2 4
+6 8
+16 20
cfi=(12)
cfn=(26)
calls=4 315 
* 352
* 8
+2 4
-2 8
+4 16
cfi=(12)
cfn=(26)
calls=4 315 
* 320
-4 8
+75 8
+5 8
+3 16
+5 8
+7 4
+1 4
-1 20
+1 12
+1 4
-2 4
+17 212
+2 72
+4 16
+1 8
+13 4
+1 4
+2 4
-3 4
+1 4
-1 4
+1 4
-2 4
+4 8
+5 2
+1 2
-13 8
cfi=(12)
cfn=(26)
calls=2 315 
* 146
* 16
cfi=(12)
cfn=(26)
calls=4 315 
* 320
* 12
+16 4
+6 2
-3 2
+1 2
+1 2
+1 4
+1 8
-4 2
+1 2
+1 2
-1 6
-1 2
+4 4
+5 7
+23 72
2005 4
+82 2
+67 16

fn=(60)
714 1
+13 2
-13 8
+13 3
cfi=(22) /build/eglibc-3GlaMS/eglibc-2.19/elf/dl-hwcaps.c
cfn=(62) _dl_important_hwcaps
calls=1 39 
* 351
+5 1
-5 1
+5 1
cfi=(15)
cfn=(36)
calls=1 93 
* 34
* 1
+1 1
-1 1
-1 1
+2 1
+8 1
-1 1
+1 4
-1 4
+5 2
cfi=(15)
cfn=(36)
calls=1 93 
* 55
* 1
+2 1
-3 1
+3 2
+29 1
-12 1
-10 1
+11 1
+3 2
+8 1
-12 1
+3 2
-14 1
+9 1
+5 3
+9 2
-7 27
cfi=(26)
cfn=(70)
calls=4 30 
* 88
+7 16
-12 3
+12 6
-14 3
+3 6
-1 3
+3 3
-5 3
+6 12
+4 3
-3 3
+3 6
-3 3
-7 6
+25 1
-11 1
+6 1
+1 1
+5 2
+2 4
+2 3
+38 4
+8 3
cfi=(27)
cfn=(72)
calls=1 24 
* 23
* 2
+2 2
cfi=(9)
cfn=(18)
calls=1 26 
* 59
* 8
cfi=(16)
cfn=(42)
calls=1 61 
* 31
* 1
+17 3
-1 2
+3 1
+1 3
+1 1
-4 3
+2 13
+1 39
+1 13
-4 40
+8 1
cfi=(15)
cfn=(36)
calls=1 93 
* 34
* 1
+1 1
-2 1
+2 1
+6 8
cfn=(74) fillin_rpath
calls=1 486 
* 681
+4 3
+6 1
+4 8
-75 1
-2 1
+2 2
+14 2

fn=(124) open_path
2168 32
+1 4
-1 20
+7 4
-7 4
+1 4
+6 4
+5 8
-7 4
+7 4
-8 4
+8 12
+74 4
-74 4
+74 4
-22 8
-52 4
+52 12
-40 4
-9 4
+9 4
+7 16
cfi=(24)
cfn=(66)
calls=4 61 
* 124
+1 4
-1 4
+1 12
-13 8
+33 8
-20 51
+3 32
+4 56
cfi=(24)
cfn=(66)
calls=7 61 
* 127
* 28
cfi=(24)
cfn=(66)
calls=7 61 
* 169
* 7
+3 7
+3 14
+3 42
cfn=(126)
calls=7 1871 
* 273
* 7
+2 21
+26 12
+2 9
-21 8
+1 36
+6 8
+2 12
-2 4
+2 4
cfi=(34)
cfn=(128)
calls=4 34 
* 49
* 8
+1 1
+2 1
-2 1
+2 8
+7 2
-44 2
+37 6
+7 6
-44 7
+85 20
+7 4
-2 4
+2 12
+3 12
-13 4
+27 35
-72 6

fn=(74)
486 8
+2 1
-2 9
+5 1
cfi=(15)
cfn=(76)
calls=1 338 
* 237
* 3
+4 4
cfn=(78)
calls=1 -80 
* 162
+2 1
-2 1
+2 1
cfi=(9)
cfn=(18)
calls=1 26 
* 44
+4 1
-4 1
+4 1
+7 6
+34 2
+4 3
+1 3
-1 1
+1 1
-2 1
cfi=(15)
cfn=(36)
calls=1 93 
* 34
* 1
+3 1
-3 1
+3 3
+5 1
+1 3
-2 1
+2 1
cfi=(24)
cfn=(66)
calls=1 61 
* 31
+3 1
-3 1
+3 1
-2 1
+2 1
+6 4
+1 14
+1 10
+3 1
-1 2
+1 1
+7 1
+1 1
-1 1
+4 3
+2 2
cfi=(15)
cfn=(82)
calls=1 121 
* 6
* 1
* 2
-90 1
cfi=(15)
cfn=(76)
calls=1 338 
* 6
* 2
+94 1
+3 9
-65 18
+1 8
-16 2
+5 2
+3 5
+26 2
+31 2

fn=(102) open_verify
1873 10
+36 1
-36 2
+36 2
+21 4
cfi=(23)
cfn=(104)
calls=1 81 
* 5
+1 1
-1 1
+1 1
+10 1
+1 2
+5 6
cfi=(23)
cfn=(106)
calls=1 81 
* 5
+2 2
+2 1
+2 1
-2 2
+2 1
+6 2
+16 5
cfi=(12)
cfn=(26)
calls=1 315 
* 88
* 2
+2 1
-2 2
+4 4
cfi=(12)
cfn=(26)
calls=1 315 
* 80
-4 2
+75 2
+5 2
+3 4
+5 2
+7 1
+1 1
-1 4
+1 3
+1 1
+15 61
+2 19
+4 4
+1 2
+13 1
+1 1
+2 1
-3 1
+1 1
-1 1
+1 1
-2 1
+4 2
-7 4
cfi=(12)
cfn=(26)
calls=1 315 
* 80
* 2
-97 3
2154 8

fn=(98)
2317 88
+7 11
-7 22
+7 11
+1 22
+3 99
+12 90
-12 135
+5 153
+1 102
+2 153
cfi=(31)
cfn=(100)
calls=51 288 
* 3118
* 108
2607 88
2362 10
+10 30
+26 10
-2 5
+2 5
cfi=(27)
cfn=(72)
calls=5 24 
* 139
* 10
2538 6
cfn=(78)
calls=1 415 
* 239
+1 1
-3 1
+4 1
-1 2
+4 6
cfn=(102)
calls=1 1873 
* 447
+3 1
-3 1
+3 1
+12 20
+2 10
+44 5
+1 40
-1 5
+1 15
cfn=(108) _dl_map_object_from_fd
calls=5 923 
* 10112
* 5
2402 8
cfi=(9)
cfn=(18)
calls=4 26 
* 231
* 4
+2 4
-2 4
+2 4
+7 16
+35 8
+1 60
cfn=(124)
calls=4 2168 
* 1443
* 12
+6 24
691 4
2454 4
691 8
2530 8
-95 16
+21 8
+6 16
+2 12
+4 8
cfi=(35)
cfn=(130)
calls=4 182 
* 5048
+2 4
-2 4
+2 4
+4 12
+8 8
+22 36
cfn=(126)
calls=4 1871 
* 1954
+3 12
161 12
cfi=(9)
cfn=(18)
calls=4 26 
* 310
* 4
+1 8
cfi=(15)
cfn=(36)
calls=4 -69 
* 136
* 4
+2 12
+3 16
cfi=(16)
cfn=(42)
calls=4 61 
* 212
2510 4
-1 4
+1 8
-74 28
691 4
2437 4
691 8
2415 4
+8 12
-7 12
-1 4
+8 32
-3 12
691 4
2421 4
691 8
2341 135
+3 25
+2 25
-1 50
+1 25
cfi=(17)
cfn=(50)
calls=25 131 
* 574
* 50

fn=(108)
923 60
+11 5
-11 5
+11 5
-11 10
+11 5
cfi=(28)
cfn=(84)
calls=5 50 
* 40
+4 15
-4 5
+4 5
cfi=(32)
cfn=(112)
calls=5 34 
* 50
* 10
+11 35
+1 15
-1 60
+1 80
+17 10
+25 10
+10 10
+22 20
+32 10
935 5
1059 35
cfi=(13)
cfn=(28)
calls=5 61 
* 2356
+1 5
-1 5
+1 5
+11 10
+5 5
-5 5
+1 10
+1 5
+2 5
-2 5
+2 20
+1 15
+1 5
+24 10
+8 5
-8 45
+8 5
-8 5
+8 5
+89 5
-95 5
-1 5
+96 5
1092 5
1198 10
+8 25
-96 71
-1 320
+1 248
+6 10
+1 15
+1 5
+3 4
+1 2
+5 50
+6 20
+1 10
-1 40
+8 10
+2 20
-2 10
+1 10
+4 10
-5 20
+1 20
+1 10
+1 10
+3 10
+4 10
-9 10
+2 10
+1 10
+1 10
+1 10
+4 10
+1 15
+5 10
-16 5
+16 25
+10 5
-10 10
-16 5
+16 25
+10 5
+3 3
+5 1
-1 1
+3 1
-1 1
-1 1
+1 1
+3 3
+1 2
+3 2
+4 4
+6 1
cfi=(36)
cfn=(136) _dl_next_tls_modid
calls=1 50 
* 8
* 2
+1 1
+60 10
+1 15
+1 5
-6 10
+1 20
+8 15
+13 40
+2 10
+14 5
+5 30
cfi=(25)
cfn=(68)
calls=5 81 
* 30
+4 5
-4 5
+4 5
+7 5
+1 5
-1 5
+1 5
+2 5
-3 5
+1 5
+2 5
+10 5
+2 5
+33 30
+1 15
+2 20
+8 40
+6 5
+2 5
-2 5
+1 5
+2 5
-1 5
+1 5
-1 15
+8 10
+3 10
+11 35
cfi=(26)
cfn=(70)
calls=5 30 
* 2882
+1 25
+5 10
+15 10
-74 50
+2 20
+2 40
cfi=(25)
cfn=(68)
calls=5 81 
* 30
* 10
-30 5
-1 25
cfi=(25)
cfn=(114)
calls=5 81 
* 25
* 5
1072 5
1418 20
+9 10
fi=(3)
38 5
fe=(21)
1427 5
fi=(3)
38 5
+6 5
-2 5
+2 10
+7 5
+5 5
+3 5
-1 5
-3 5
-3 98
+10 22
-18 66
+8 96
+10 96
-18 288
+18 5
-18 15
+2 246
+5 108
+2 20
+16 10
+20 17
+1 20
+1 20
+1 20
+2 20
+5 20
+1 19
+1 20
+6 15
+5 10
+7 10
+1 15
+16 15
+5 2
+2 2
-2 2
+2 2
+2 4
+2 4
+3 15
+10 1
-8 2
+9 2
-1 1
+5 2
+3 10
fe=(21)
1433 10
+16 15
+19 10
+2 25
+55 15
+1 2
+3 2
cfi=(23)
cfn=(118)
calls=1 81 
* 5
* 8
cfi=(23)
cfn=(118)
calls=4 81 
* 20
* 10
+8 25
+3 15
+2 5
-2 5
+2 5
+16 10
cfi=(6)
cfn=(10)
calls=5 859 
* 125
+4 10
+1 10
+17 10
+1 1
+3 1
+5 1
-5 1
+1 2
+4 1
-5 4
+5 4
-5 4
+1 8
+4 4
+10 15
cfi=(13)
cfn=(44)
calls=5 32 
* 240
+4 20
+20 40
fi=(3)
56 20
+3 20
+1 5
+1 20
fe=(21)
1356 15
+2 3
-1 9
+1 6
-1 3
+1 6
-1 6
+3 12
+43 8
cfi=(25)
cfn=(68)
calls=1 81 
* 6
+3 2
1537 10
474 8

fl=(16)
fn=(42)
61 28
+2 28
+2 28
+3 27
+1 27
+2 7
+1 7
+2 7
+1 7
+5 7
+1 7
-1 20
+1 20
+2 6
+1 6
+2 6
+1 12
+5 6
+1 6
-1 21
+1 21
+2 6
+1 6
+2 6
+1 6
+5 6
+1 6
-1 21
+1 21
+2 19
+1 19
+2 19
+1 19
+5 19
+1 19
-1 8
+1 23
+5 15
+1 15
+1 15
+1 15
+2 15
+2 15
+1 15
+2 15
+8 27
+8 7
+6 7
+2 7
+1 7
+3 3
+1 6
+5 3
+1 3
+2 3
+2 3
+1 3
+2 3
-8 7
+1 7
+2 7
+2 7
+1 7
+2 10
+9 3
+1 3
-1 4
+1 4
+3 7
+1 7
+1 7
+5 5
+2 5
+1 5
+1 5
+1 5
+2 5
+1 5
+1 5
+1 5
+2 5
+1 5
+2 5
+22 7
+6 7
+1 7
+2 1

fl=(7)
fn=(246)
256 1

fn=(12)
86 7
+25 1
-1 1
+1 1
-25 1
+25 192
+6 1
-3 1
+1 1
-4 1
+3 1
+3 4
+1 6
-1 3
-29 1
-1 2
+31 105
-1 82
fi=(19)
-82 2
cfi=(8)
cfn=(14)
calls=1 -4 
* 12
fi=(5)
200 5
fe=(7)
+34 2
cfi=(10) /build/eglibc-3GlaMS/eglibc-2.19/elf/../misc/sbrk.c
cfn=(20) sbrk
calls=1 34 
* 17
* 3
+12 3
+3 6
cfi=(2)
cfn=(22)
calls=1 891 
* 245188
+1 1
+1 8
151 1
+1 1
+27 1
+1 1
-17 1
+1 1
-7 1
+1 1
-4 1
+1 1
-25 1
+1 1
-4 1
+1 1
-7 1
+1 1
+2 1
+1 1
232 1
cfi=(9)
cfn=(18)
calls=1 26 
* 39
* 2

fl=(22)
fn=(62)
39 8
+3 1
-1 1
+1 1
+9 1
-12 3
+3 1
-3 1
+3 1
+9 2
+10 4
+31 2
+23 3
cfi=(23)
cfn=(64)
calls=1 -34 
* 9
* 2
-2 1
+17 6
+3 2
+29 2
+8 2
+2 4
+1 4
+4 2
+4 1
-3 1
-1 1
+4 1
+3 2
+4 5
+1 1
-1 7
+1 1
+18 12
+1 4
cfi=(15)
cfn=(36)
calls=1 93 
* 34
* 1
+1 1
-1 1
+1 3
+29 1
+3 1
-3 2
+3 1
+28 9
+1 2
-1 2
+1 6
-1 8
+5 6
+3 1
-3 1
+3 2
-3 1
+3 1
-3 2
+3 1
-3 1
+3 2
-3 1
+3 3
+1 12
+1 4
-1 4
+1 8
-2 4
+1 8
-1 14
+4 4
+3 1
+2 2
-1 1
-1 2
+2 10
+13 2
+1 1
-1 1
+3 2
-3 2
+1 1
-1 1
+3 2
+3 3
+3 1
-1 1
+1 7
145 2
-14 2
243 3
cfi=(24)
cfn=(66)
calls=1 61 
* 22
+1 2
-1 2
+1 1
cfi=(24)
cfn=(66)
calls=1 61 
* 22
* 4

fl=(38)
fn=(140)
38 12
+80 2
+4 2
-3 2
+6 4
-84 2
+3 2
-2 2
+1 2
+2 2
+85 4

fl=(11)
fn=(24)
30 3
+3 11
+2 122
+11 59
-13 177
-2 1
+19 1
-14 22
+5 2
-3 2
+3 2
+2 2

fl=(36)
fn=(156)
328 1
+13 1
-13 2
+2 1
+11 2
cfi=(15)
cfn=(40)
calls=1 51 
* 51
* 1
+1 1
-1 1
+1 1
+7 1
+4 306
-58 1
+1 1
-1 1
+1 2
cfi=(15)
cfn=(32)
calls=1 102 
* 43
* 1
+1 2
+9 1
-6 1
+6 1
+64 5

fn=(194)
831 3
+9 1
-9 1
+6 2
+8 5
+41 1
+1 3
+1 4

fn=(718) __tls_get_addr
770 1
+2 3
+3 3
+2 2
+3 1
+1 1

fn=(136)
50 1
+3 3
+48 2
+4 2

fn=(244)
376 7
+1 1
-1 1
+1 1
+4 2
+3 1
-1 1
-2 1
+8 3
+5 7
+6 7
+22 2
+1 4
+2 2
+9 1
-8 1
+8 2
-8 1
+8 1
+1 1
+1 3
cfi=(24)
cfn=(66)
calls=1 61 
* 23
* 5
cfi=(26)
cfn=(70)
calls=1 30 
* 166
* 3
-42 5
+6 2
+3 1
+1 2
+6 1
+3 1
-3 2
+3 1
-1 2
+38 2
+2 1
+1 8

fn=(154)
112 7
+6 3
+3 2
+36 1
-34 1
+34 2
+2 3
-2 1
-2 1
-40 1
-1 1
-1 2
+44 6
+5 1
-1 1
+5 2
-4 1
-1 1
+7 1
-7 1
+3 2
+2 1
+2 1
-2 2
+16 5
+2 1
+1 1
-1 2
+10 1
-12 4
+15 4
+1 1
+51 1
+1 8

fl=(23)
fn=(106)
81 20
+1 5

fn=(118)
81 24
+1 6

fn=(64)
81 24
+2 30

fn=(104)
81 52
+1 6
+1 35

fl=(27)
fn=(72)
24 18
+1 18
+1 18
+1 18
+1 18
+1 18
+1 18
+1 18
+1 18
+1 18
+1 18
+1 18
+1 18
+1 18
+1 18
+1 18
+1 18
+1 14
+4 14
+1 14
+1 14
+1 14
+2 14
+4 4
+1 4
+1 4
+1 4
+1 4
+1 4
+1 4
+1 4
+1 4
+1 4
+1 4
+1 4
+1 4
+1 4
+1 4
+1 4
+1 4
+1 4
+1 4
+1 4
+1 4
+1 4
+1 4
+1 4
+52 4
+4 4
+1 4
+1 4
+1 4
+2 4

fl=(10)
fn=(20)
34 4
+8 6
+4 2
+11 5

fl=(30)
fn=(94)
26 11
+9 11
+1 22
+1 11
+4 11
+1 11
+1 11
+1 11
+1 11
+2 22
+2 11
+1 11
+3 22
+2 11
+4 11
+1 11

fl=(1) ???
fn=(0) 0x00000000000012d0
0 2
cfi=(2)
cfn=(2)
calls=1 362 
0 246538
0 14
cfi=(65)
cfn=(254)
calls=1 86 
0 1774
0 3
cob=(8)
cfi=(78)
cfn=(330) 0x0000000000400c20
calls=1 0 
0 8414215288

ob=(5)
fl=(66)
fn=(736)
0 8
cob=(3)
cfi=(149)
cfn=(748)
calls=1 31 
0 59
cob=(1)
cfi=(51)
cfn=(204)
calls=1 34 
0 825
0 5
0 1
cfn=(754) 0x00000000000005c0
calls=1 0 
0 9
0 3

fn=(754)
0 9

fn=(262)
0 16

ob=(3)
fl=(103) /build/eglibc-3GlaMS/eglibc-2.19/elf/dl-addr.c
fn=(430) _dl_addr
126 9
+5 1
-5 2
+5 2
cob=(1)
cfi=(2)
cfn=(46)
calls=1 838 
* 2
+2 2
cob=(1)
cfi=(104)
cfn=(438)
calls=1 +49 
* 53
cob=(1)
cfi=(51)
cfn=(204)
calls=1 -99 
* 1472
* 5
+2 2
30 1
+1 1
-1 1
+1 1
+3 2
+5 1
+6 1
-7 1
+2 2
+2 1
-2 1
+2 1
+3 1
+5 7
+2 1
+1 2
-1 1010
+1 2020
+2 4927
+6 11060
+2 8848
+1 16231
+7 2212
-2 2212
+2 5435
-21 2022
+49 3
+1 1
+1 3
+3 2
+37 3
cob=(1)
cfi=(2)
cfn=(48)
calls=1 844 
* 2
+3 9
-28 1
+1 1
+21 2

fl=(81) /build/eglibc-3GlaMS/eglibc-2.19/setjmp/../sysdeps/x86_64/bsd-_setjmp.S
fn=(358) _setjmp
30 1
+2 1
cfi=(82) /build/eglibc-3GlaMS/eglibc-2.19/setjmp/../sysdeps/x86_64/setjmp.S
cfn=(360) __sigsetjmp
calls=1 -6 
* 27

fl=(112) /build/eglibc-3GlaMS/eglibc-2.19/io/../sysdeps/unix/syscall-template.S
fn=(476) open
81 24
cfn=(478) __open_nocancel
calls=12 * 
* 60

fn=(632) write
81 30
cfn=(634) __write_nocancel
calls=15 * 
* 75

fn=(514) read
81 2
cfn=(516) __read_nocancel
calls=1 * 
* 5

fn=(478)
81 60

fn=(550) __close_nocancel
81 55

fn=(634)
81 75

fn=(516)
81 5

fl=(117) /build/eglibc-3GlaMS/eglibc-2.19/io/../sysdeps/unix/sysv/linux/wordsize-64/fxstat.c
fn=(504) _fxstat
34 12
-1 12
+1 12
+1 72
+4 12

fl=(109) /build/eglibc-3GlaMS/eglibc-2.19/libio/iofopen.c
fn=(460) __fopen_internal
65 72
+8 12
-8 24
+8 12
cfi=(100) /build/eglibc-3GlaMS/eglibc-2.19/malloc/malloc.c
cfn=(424) malloc
calls=12 2876 
* 2482
cob=(1)
cfi=(51)
cfn=(204)
calls=1 -39 
* 764
* 16
+2 12
-2 12
+2 12
+3 12
+3 60
-3 12
+3 12
cfi=(110) /build/eglibc-3GlaMS/eglibc-2.19/libio/genops.c
cfn=(466) _IO_no_init
calls=12 643 
* 696
+4 12
+1 12
-1 12
+1 12
cfi=(111) /build/eglibc-3GlaMS/eglibc-2.19/libio/fileops.c
cfn=(470) _IO_file_init@@GLIBC_2.2.5
calls=12 +57 
* 1140
+4 60
cfi=(111)
cfn=(474) _IO_file_fopen@@GLIBC_2.2.5
calls=12 254 
* 1355
* 12
+1 12
-1 12
+6 60
-5 12
cfn=(482) __fopen_maybe_mmap
calls=12 -49 
* 48

fn=(458) fopen@@GLIBC_2.2.5
103 24
cfn=(460)
calls=12 -38 
* 6969

fn=(482)
42 12
-2 12
+2 12
+15 12

fl=(86) /build/eglibc-3GlaMS/eglibc-2.19/stdlib/getenv.c
fn=(376) getenv
35 8
+1 1
cfi=(87) /build/eglibc-3GlaMS/eglibc-2.19/string/../sysdeps/x86_64/strlen.S
cfn=(378) strlen
calls=1 +30 
* 16
* 1
+4 7
+3 2
+49 9
-24 1
+6 1
+2 1
-3 1
+3 246
+9 122

fl=(134) /build/eglibc-3GlaMS/eglibc-2.19/stdlib/../sysdeps/x86_64/mul_1.S
fn=(616) __mpn_mul_1
32 10981
+3 10981
+1 10981
+1 10981
+1 10981
+1 10981
+2 10981
+1 10981
+2 10981
+1 10981
+1 10981
+1 10981
+1 10897
+2 10895
+1 10895
+1 10895
+1 10895
+19 2
+1 2
+1 2
+1 2
+1 2
+1 2
+2 84
+1 84
+1 84
+1 84
+1 84
+1 84
+1 84
+1 84
+1 84
+17 2
+1 2
+1 2
+1 2
+1 2
+1 2
+1 2
+1 2
+1 2
+1 2
+1 2
+1 2
-2 84
+1 84
+1 84
+2 86
+1 86
+1 86
+1 86
+1 86
+1 86
+2 86
+3 86
-5 10895
+2 10895
+3 10895

fl=(46) /build/eglibc-3GlaMS/eglibc-2.19/elf/../sysdeps/unix/sysv/linux/dl-vdso.c
fn=(182) _dl_vdso_vsym
27 4
-1 4
+1 4
+4 8
-3 8

fl=(91) /build/eglibc-3GlaMS/eglibc-2.19/stdlib/../stdlib/strtol_l.c
fn=(390) ____strtol_l_internal
232 16
+26 2
-12 2
-14 2
+26 2
+22 2
-1 2
+10 8
+9 12
+2 4
+5 4
+5 2
-6 2
+6 2
+4 4
+10 4
+7 6
-79 2
376 2
+3 4
+59 2
-59 2
+1 4
+4 2
-4 2
+58 2
+2 4
+16 2
-74 2
+1 2
+57 2
+38 2
-22 2
-14 6
-2 16
-2 8
+4 8
-2 8
+2 16
+28 30
+3 40
+5 10
-40 10
+41 20
-41 32
+46 4
+5 6
+1 1
+5 4
+3 6
334 10
496 6
+35 2
-18 2
+18 14

fl=(133) /build/eglibc-3GlaMS/eglibc-2.19/stdlib/../sysdeps/ieee754/dbl-64/dbl2mpn.c
fn=(612) __mpn_extract_double
35 2744
+2 4116
+1 1372
+9 1372
-9 1372
+9 1372
+9 1372
-18 2744
+18 1372
-18 1372
+9 1372
+9 1372
+4 2636
+43 162
+4 108
-45 1318
+45 2636

fl=(110)
fn=(472) _IO_link_in
99 96
+1 72
+4 12
-2 24
+2 60
+1 120
+2 12
-2 12
+1 12
+1 12
-2 12
+2 12
-2 12
+2 168
+2 12
-2 12
+4 12
+2 12
-3 12
-1 12
+4 84
+2 12
-1 12
+1 96
+1 24
+3 96
-6 84

fn=(492) __uflow
363 1
+2 1
-2 1
+2 2
+6 5
+3 2
+2 2
+6 2
+7 2
+1 1
-1 2
cfn=(494) _IO_default_uflow
calls=1 +46 
* 191
-24 2
+22 3

fn=(558) _IO_default_finish
686 22
+2 33
+6 33
+3 33
+6 11
+6 11
-6 11
cfn=(542) _IO_un_link
calls=11 60 
* 110

fn=(592) _IO_default_xsputn
447 11
+4 11
-1 11
-3 55
+3 55
+20 120
+5 6
-1 3
+1 1
-1 1
+1 1
-1 1
+1 30
+3 10
+2 20
-2 1
+2 2
-25 44
+2 33
+3 22
+3 2
+5 1
-5 1
cfi=(137) /build/eglibc-3GlaMS/eglibc-2.19/string/../sysdeps/x86_64/memcpy.S
cfn=(622) __GI_mempcpy
calls=1 61 
* 50
* 2
+21 22
+1 66
-11 18
+1 27
-1 18
+1 168
-1 121

fn=(468) _IO_old_init
626 12
-16 12
+1 12
+15 12
+5 12
-21 12
+2 12
+1 12
+1 12
+17 12
-16 12
+1 12
+1 12
+1 12
+1 12
+1 12
+2 12
+1 12
+1 12
+1 12
+6 12
+1 48

fn=(494)
435 1
-1 2
+1 1
cfi=(111)
cfn=(496) _IO_file_underflow@@GLIBC_2.2.5
calls=1 552 
* 179
+1 2
+2 4
+1 2

fn=(508) _IO_setb
399 115
+1 114
+3 23
+2 92
-3 23
+3 46
+3 92
-7 77
cfi=(118) /build/eglibc-3GlaMS/eglibc-2.19/misc/../sysdeps/unix/syscall-template.S
cfn=(552) munmap
calls=11 81 
* 55
* 44

fn=(510) _IO_switch_to_get_mode
183 2
-1 2
+1 1
+3 3
+5 1
-1 2
+1 1
+7 1
-4 1
+2 2
+2 1
+1 1
+1 2

fn=(466)
643 108
+1 12
cfn=(468)
calls=12 -18 
* 300
+3 12
-2 12
+2 12
+2 12
+1 12
+1 12
+1 12
+1 12
+1 12
+1 12
+1 12
+1 12
+1 12
+1 12
+1 12
+2 12
+7 12
+1 72

fn=(498) _IO_doallocbuf
414 36
+1 12
-1 12
+1 12
+6 48
-4 36
+1 36
cfi=(116) /build/eglibc-3GlaMS/eglibc-2.19/libio/filedoalloc.c
cfn=(500) _IO_file_doallocate
calls=12 96 
* 996
* 24

fn=(542)
60 132
+1 66
+4 66
+1 110
+2 11
-2 11
+1 11
+1 209
+2 33
+2 22
+6 18
+1 63
-1 57
+7 11
+2 11
-2 11
+2 44
+2 11
-1 11
+1 66
+1 22
+3 132
-6 66
-9 6
+3 6
+1 6
-1 6
+2 6
-9 5
+1 5
-1 10

fn=(830) _IO_default_setbuf
557 5
+1 1
-1 1
+1 1
cfi=(111)
cfn=(832) _IO_file_sync@@GLIBC_2.2.5
calls=1 886 
* 13
* 2
+9 1
-7 1
+7 1
-7 1
400 1
562 1
+1 1
-1 1
+1 1
400 4
+7 1
-5 1
+1 1
+4 1
570 2
+2 1
-2 1
+1 3
+2 4

fn=(518) _IO_sputbackc
726 2
+3 2
-3 2
+3 4
+1 4
+9 2
+3 4
-10 2
+1 2
-1 4

fn=(704) __overflow
241 12
+2 12
cfi=(111)
cfn=(588) _IO_file_overflow@@GLIBC_2.2.5
calls=4 824 
* 548

fn=(824) _IO_cleanup
1010 1
+3 1
-3 2
-48 1
+48 2
+3 1
cfn=(826) _IO_flush_all_lockp
calls=1 822 
* 228
-63 1
+63 1
-63 3
+2 12
+2 3
-1 6
+3 7
+6 16
+8 5
+10 5
cfi=(111)
cfn=(828) _IO_file_setbuf@@GLIBC_2.2.5
calls=1 461 
* 66
+3 2
+7 4
-40 12
+75 7
-53 1
+4 1
-4 1
+2 1
+1 1
+1 1
-2 1
+3 4
+6 3
+1 8

fn=(546) _IO_unsave_markers
1119 11
+2 11
-2 11
+2 11
+19 33
+2 22

fn=(826)
822 3
+6 1
-6 5
+6 2
+6 1
-11 1
+10 1
+2 2
+4 2
-1 4
-1 4
+1 4
+3 12
+7 4
cfi=(111)
cfn=(588)
calls=1 -24 
* 115
+1 3
+2 8
+4 4
-2 4
+2 8
+7 4
-27 8
+31 2
+2 2
+4 9
-31 15

fl=(71) /build/eglibc-3GlaMS/eglibc-2.19/string/../sysdeps/x86_64/strrchr.S
fn=(278) rindex
24 1
+1 1
+1 1
+1 1
+1 1
+1 1
+1 1
+1 1
+1 1
+1 1
+1 1
+1 1
+1 1
+1 1
+1 1
+1 1
+1 1
+1 1
+1 1
+1 1
+1 1
+1 1
+1 1
+1 1

fl=(88) /build/eglibc-3GlaMS/eglibc-2.19/string/../sysdeps/x86_64/multiarch/../strchr.S
fn=(380) __GI_strchr
24 3
+1 3
+1 3
+1 3
+1 3
+1 3
+1 3
+1 3
+1 3
+1 3
+1 3
+1 3
+1 3
+1 3
+1 3
+1 3
+1 3
+1 1
+4 1
+1 1
+1 1
+1 1
+2 1
+4 2
+1 2
+1 2
+1 2
+1 2
+1 2
+1 2
+1 2
+1 2
+1 2
+1 2
+1 2
+1 2
+1 2
+1 2
+1 2
+1 2
+1 2
+1 2
+1 2
+1 2
+1 2
+1 2
+1 2
+52 2
+4 2
+1 2
+1 2
+1 2
+2 2

fl=(90) /build/eglibc-3GlaMS/eglibc-2.19/stdlib/../stdlib/strtol.c
fn=(388) strtol
108 4
cfi=(91)
cfn=(390)
calls=1 232 
* 102

fn=(522) __strtol_internal
97 3
cfi=(91)
cfn=(390)
calls=1 232 
* 271

fl=(140) /build/eglibc-3GlaMS/eglibc-2.19/stdio-common/_itoa.c
fn=(628) _itoa_word
168 5852
+2 2926
+9 33058
+9 2926

fl=(106) /build/eglibc-3GlaMS/eglibc-2.19/malloc/morecore.c
fn=(446) __default_morecore
46 8
+1 8
cfi=(107) /build/eglibc-3GlaMS/eglibc-2.19/misc/sbrk.c
cfn=(448) sbrk
calls=8 -13 
* 180
+2 24
+3 24

fl=(114) /build/eglibc-3GlaMS/eglibc-2.19/stdio-common/isoc99_fscanf.c
fn=(488) __isoc99_fscanf
26 10
+4 16
+3 1
-2 1
+3 4
-1 5
+1 1
cfi=(115) /build/eglibc-3GlaMS/eglibc-2.19/stdio-common/vfscanf.c
cfn=(490) _IO_vfscanf
calls=1 214 
* 1153
fi=(120) /build/eglibc-3GlaMS/eglibc-2.19/stdio-common/../libio/libioP.h
913 1
+1 1
fe=(114)
34 1
fi=(120)
914 1
+1 8
fe=(114)
39 4

fl=(108) /build/eglibc-3GlaMS/eglibc-2.19/misc/../sysdeps/unix/sysv/linux/x86_64/brk.c
fn=(450) brk
31 2
-3 2
+3 14
+8 2
-6 4
+7 2

fl=(42)
fn=(184)
140 1
+1 1
+4 1
+1 1
+1 1
+11 1

fn=(174)
114 1
+1 1
+1 1
cfi=(43)
cfn=(176) __init_cpu_features
calls=1 -62 
* 93
+3 1
+1 1
+1 1
+11 1

fl=(147) /build/eglibc-3GlaMS/eglibc-2.19/stdlib/cxa_thread_atexit_impl.c
fn=(712) __call_tls_dtors
82 3
+1 2
cob=(1)
cfi=(36)
cfn=(718)
calls=1 770 
* 11
cob=(1)
cfi=(51)
cfn=(204)
calls=1 -49 
* 1317
* 5
* 3
+18 4

fl=(116)
fn=(500)
96 60
+15 72
cfi=(111)
cfn=(502) _IO_file_stat
calls=12 1222 
* 168
* 24
+2 48
+11 72
+4 72
cfi=(118)
cfn=(506) mmap
calls=12 -47 
* 72
* 24
+1 60
cfi=(110)
cfn=(508)
calls=12 399 
* 252
+1 12
+1 60

fl=(99) /build/eglibc-3GlaMS/eglibc-2.19/stdlib/../sysdeps/ieee754/dbl-64/mpn2dbl.c
fn=(414) __mpn_construct_double
39 1
-6 4
+6 2
+1 4
+6 2
+1 1

fl=(111)
fn=(474)
254 108
+11 24
+2 82
+9 11
-2 11
+1 33
-20 11
+37 44
-17 2
-20 1
+37 100
+41 12
224 12
+1 24
-1 12
+4 12
cfi=(112)
cfn=(476)
calls=12 81 
* 84
* 12
+4 24
+3 12
-1 12
+1 24
+1 24
-1 12
+1 12
+7 24
cfi=(110)
cfn=(472)
calls=12 99 
* 132
353 36
cfi=(113) /build/eglibc-3GlaMS/eglibc-2.19/string/../string/strstr.c
cfn=(480) __GI_strstr
calls=12 53 
* 300
+1 12
-1 12
+1 12
-83 1
-1 1
-15 2
431 12
-77 12
+77 84

fn=(496)
552 4
+8 3
+6 3
+3 2
+13 2
+20 2
cfi=(110)
cfn=(510)
calls=1 183 
* 20
+6 1
+5 4
-5 2
+1 1
+2 1
-1 2
+3 1
cfn=(512) _IO_file_read
calls=1 1204 
* 11
+2 2
+10 1
-3 1
+3 2
+2 2
+1 4
-56 3
+5 2
cfi=(110)
cfn=(498)
calls=1 414 
* 101
* 2

fn=(548) _IO_file_close
1245 22
cfi=(112)
cfn=(550)
calls=11 81 
* 55

fn=(512)
1204 4
cfi=(112)
cfn=(514)
calls=1 81 
* 7

fn=(630) _IO_file_write@@GLIBC_2.2.5
1254 105
+2 75
+11 15
+1 15
-12 30
+5 15
-1 45
+1 30
cfi=(112)
cfn=(632)
calls=15 81 
* 105
+1 30
+9 45
+3 135

fn=(832)
886 1
+5 1
-5 1
+5 3
+2 1
+1 2
+17 2
+4 2

fn=(502)
1222 12
+1 36
cfi=(117)
cfn=(504)
calls=12 34 
* 120

fn=(556) _IO_file_finish@@GLIBC_2.2.5
202 11
+1 11
-1 11
+1 11
+6 22
+1 11
-1 11
cfi=(110)
cfn=(558)
calls=11 686 
* 264

fn=(588)
824 64
+1 48
+7 68
+35 32
+3 8
+3 12
+1 12
+1 8
+4 4
+1 16
-45 22
+12 22
+9 44
+8 11
-4 11
+3 22
-2 22
-3 11
+1 22
+5 11
-1 11
+1 33
+7 28
-3 12
+1 12
+11 36
-12 12
cfn=(590) _IO_do_write@@GLIBC_2.2.5
calls=12 509 
* 258
-31 22
cfi=(110)
cfn=(498)
calls=11 414 
* 1111
+1 66
+33 12
cfn=(590)
calls=4 509 
* 372
* 12

fn=(586) _IO_file_xsputn@@GLIBC_2.2.5
1281 6519
+7 6519
-7 45633
+6 13038
+7 25872
+17 17248
+1 8602
+3 17204
+5 17204
cfi=(137)
cfn=(622)
calls=4301 61 
* 79485
* 4301
+6 4301
-1 4301
+1 8602
+2 12903
+27 8624
+1 52152
-45 22
+17 33
+4 44
cfn=(588)
calls=11 824 
* 1804
* 22
+6 22
+1 66
+2 33
+11 22
+1 44
cfi=(110)
cfn=(592)
calls=11 447 
* 934
* 22

fn=(828)
461 2
+1 1
cfi=(110)
cfn=(830)
calls=1 +95 
* 51
* 2
+4 2
-1 2
+2 3
+2 1
+1 2

fn=(590)
509 26
+2 26
-2 130
+2 52
+1 66
+11 60
+7 60
+8 75
cfn=(630)
calls=15 1254 
* 645
* 15
+1 45
+6 15
-4 15
+4 15
-4 45
+1 30
+3 30
-34 30
+32 15
-32 15
+1 60
-1 15
+1 30
+32 45

fn=(470)
143 12
+4 12
-4 36
+5 12
-1 12
+3 12
cfi=(110)
cfn=(472)
calls=12 -51 
* 984
+1 12
+1 48

fn=(544) _IO_file_close_it@@GLIBC_2.2.5
158 33
+2 11
-2 11
+2 22
+4 11
+3 11
-3 11
-1 22
+6 11
+3 11
-3 11
cfi=(110)
cfn=(546)
calls=11 1119 
* 99
+3 22
+4 33
+9 55
cfi=(110)
cfn=(508)
calls=11 399 
* 429
+1 22
+3 11
-3 11
+1 33
+2 11
cfi=(110)
cfn=(542)
calls=11 60 
* 110
+5 22
-4 11
+1 11
+1 11
+2 11
+1 44
-23 33
cfn=(548)
calls=11 1245 
* 77
* 22
-7 70
cfn=(590)
calls=10 509 
* 930
* 20

fl=(113)
fn=(480)
53 96
+10 36
+2 24
+1 12
+23 96
-26 12
-5 24

fl=(149)
fn=(748)
31 12
+17 4
-17 20
+4 16
+4 24
-4 12
+32 16
+4 24
-4 12
+12 8
+3 4
-2 4
+2 24
-2 4
cfi=(150) /build/eglibc-3GlaMS/eglibc-2.19/nptl/../nptl/sysdeps/unix/sysv/linux/unregister-atfork.c
cfn=(750) __unregister_atfork
calls=4 -44 
* 52

fl=(47)
fn=(186)
31 1
-1 1
fi=(45) /build/eglibc-3GlaMS/eglibc-2.19/time/../sysdeps/generic/dl-hash.h
+14 1
fe=(47)
-13 2
fi=(45)
+14 1
fe=(47)
-14 1
fi=(45)
+12 1
+5 3
+1 2
+13 2
-17 3
+3 9
+1 6
+13 6
-17 9
+22 1
fe=(47)
-36 2
+3 2
-3 1
+3 1
cfi=(46)
cfn=(182)
calls=1 -7 
* 7
+1 3
+1 3

fl=(82)
fn=(360)
26 1
+9 1
+1 2
+1 1
+4 1
+1 1
+1 1
+1 1
+1 1
+2 2
+2 1
+1 1
+3 2
+2 1
+9 1
cfi=(83) /build/eglibc-3GlaMS/eglibc-2.19/setjmp/sigjmp.c
cfn=(362) __sigjmp_save
calls=1 -35 
* 9

fl=(139) /build/eglibc-3GlaMS/eglibc-2.19/stdlib/../sysdeps/x86_64/rshift.S
fn=(626) __mpn_rshift
29 65
+1 65
+1 65
+13 65
+1 65
+16 65
+1 63
+1 63
+1 63
+1 63
+1 63
+1 63
+5 63
+1 63
+1 63
+1 63
+1 63
+4 2
+1 2
+1 2
+1 2
+1 2
+1 2
+1 2
+1 2
+20 2
+1 2
+1 2
+1 2
+1 2
+1 2
+1 2

fl=(87)
fn=(378)
66 1374
+1 1374
+1 1374
+1 1374
+1 1374
+1 1374
+1 1374
+2 1374
+2 1374
+30 1374
+1 1374
+1 1374
+1 1374
+1 1374
+1 1374
+1 1374

fl=(141) /build/eglibc-3GlaMS/eglibc-2.19/libio/fputc.c
fn=(642) fputc
34 66
+3 66
-3 132
+3 990
+1 462
fi=(123) /build/eglibc-3GlaMS/eglibc-2.19/libio/libioP.h
904 132
+1 528
fe=(141)
41 198

fl=(130) /build/eglibc-3GlaMS/eglibc-2.19/stdio-common/printf_fp.c
fn=(614) hack_digit.13629
231 43748
+3 33597
+2 32733
+2 21822
+1 10911
-1 10911
+1 21822
-1 10911
+1 10911
cfi=(134)
cfn=(616)
calls=10911 32 
* 218412
* 10911
+30 65466
-35 1638
+35 130

fn=(606) __printf_fp
161 13720
+54 1372
-21 1372
+2 1372
+19 4116
+59 1372
-59 2744
+59 1372
+2 1372
+24 1372
-24 2744
+24 1372
-24 2744
+1 1372
-1 1372
+1 1372
+23 1372
+42 1372
176 1372
-1 1372
349 1372
+2 1372
-2 1372
+47 4116
+4 1372
cfi=(131) /build/eglibc-3GlaMS/eglibc-2.19/math/../sysdeps/ieee754/dbl-64/wordsize-64/s_isnan.c
cfn=(608) isnan
calls=1372 27 
* 9604
* 2744
+15 2744
cfi=(132) /build/eglibc-3GlaMS/eglibc-2.19/math/../sysdeps/ieee754/dbl-64/wordsize-64/s_isinf.c
cfn=(610) isinf
calls=1372 20 
* 17836
* 4116
+56 1372
+12 1372
-12 8232
+1 1372
+1 1372
+1 1372
+1 5488
+1 2744
+1 1372
-2 1372
+1 1372
-1 1372
+1 1372
+1 2744
+7 1372
-7 1372
+7 1372
1264 10976
431 12348
cfi=(133)
cfn=(612)
calls=1372 35 
* 28812
+4 1372
-4 1372
+4 4116
828 1372
+10 1372
-10 1372
+10 5488
+2 1372
-2 1372
+2 1372
+10 80
+48 1372
-61 1372
+61 2744
+14 5488
+1 1372
-1 2744
+7 2744
fi=(119) /build/eglibc-3GlaMS/eglibc-2.19/stdio-common/../nptl/sysdeps/pthread/allocalim.h
28 2744
fe=(130)
929 1372
-8 1372
-1 1372
+9 6860
+1 2744
+3 4224
+3 14663
+3 2666
cfn=(614)
calls=1333 231 
* 60039
* 2666
-3 11997
+6 2666
+1 3999
+2 2666
-4 1333
+4 5449
+12 4116
+1 24696
+1 28812
+1 2744
+3 8232
-1 8232
+2 8232
-1 8232
cfn=(614)
calls=8232 231 
* 371778
* 8232
+1 16464
+2 24216
-6 5488
+15 4116
+1 5488
cfn=(614)
calls=1372 231 
* 62106
+2 6860
+1 1372
-1 1372
+2 4071
+3 1357
-4 1357
+4 1357
+5 1357
-1 1357
+1 16122
fi=(135) /build/eglibc-3GlaMS/eglibc-2.19/stdio-common/../sysdeps/generic/get-rounding-mode.h
93 1318
+1 5272
-1 54
+1 1588
fe=(130)
1094 4116
+7 2744
+3 2744
+13 4116
+2 3996
+19 1332
+1 7992
+4 3996
+14 3996
+6 8232
+2 8232
+2 1372
-2 1372
+2 8232
655 2744
822 5272
cfi=(95) /build/eglibc-3GlaMS/eglibc-2.19/stdlib/../sysdeps/x86_64/lshift.S
cfn=(404) __mpn_lshift
calls=1318 29 
* 19770
+1 6590
+1 2636
208 1372
1170 2744
+7 5488
+9 4116
+6 4116
+4 4116
cfi=(87)
cfn=(378)
calls=1372 66 
* 21952
+2 1372
-2 1372
+2 4116
+5 1372
+1 2744
-1 1372
+2 2744
+11 6860
+1 1372
+6 1372
-6 1372
+6 17836
+3 29864
+3 29864
-6 48912
+1 48912
+1 4116
cfi=(137)
cfn=(622)
calls=1372 61 
* 24696
* 2744
fi=(135)
94 2744
fi=(136) /build/eglibc-3GlaMS/eglibc-2.19/stdio-common/../include/rounding-mode.h
-42 2744
fe=(130)
995 24
fi=(136)
52 12
fe=(130)
995 24
+5 24
+5 72
+2 42
-2 84
+3 42
-3 188
+5 30
+1 4
+1 24
+2 20
+11 56
842 1332
+2 5328
+9 1371
+2 1371
-1 1371
+10 1371
-11 2742
1172 4116
853 40
-1 40
+1 120
+3 120
+2 1
-3 1
-1 1
+6 1
-2 1
+2 1
-7 1
+5 1
-5 2
+98 39
+2 39
-1 39
832 39
951 39
+2 117
1233 2744
-1 1372
+18 4116
+3 2744
+7 4116
663 216
cfi=(95)
cfn=(404)
calls=54 29 
* 810
+1 54
+4 54
-8 54
-1 54
-1 54
+30 54
-24 54
+4 54
-4 162
+52 54
-49 54
+1 54
+48 108
-43 54
+2 108
-2 591
+2 1182
+7 41
+2 41
-1 41
-1 164
+9 41
+13 41
-13 205
+4 41
-4 41
+4 41
+1 82
-1 41
+1 41
+1 41
-1 41
-1 41
+1 41
-1 41
+1 82
+8 123
+22 158
+8 35
+1 70
+8 35
-8 70
+5 35
-6 35
+6 105
+3 70
-9 3
+1 6
+8 3
-8 6
+5 3
-6 3
+6 9
+3 6
+1 76
+10 38
-3 38
+3 190
+12 36
+10 144
cfi=(139)
cfn=(626)
calls=36 29 
* 612
* 36
+3 72
+7 36
-2 36
+2 681
-2 609
+2 2409
+24 162
-83 18
+1 6
-1 18
+2 3
+1 6
-42 246
cfi=(138) /build/eglibc-3GlaMS/eglibc-2.19/stdlib/mul.c
cfn=(624) __mpn_mul
calls=41 57 
* 2870
* 41
+18 12
+4 6
-2 6
+2 30
1250 5488
-76 2744
+1 8232
865 191
-77 153
+4 145
cfi=(134)
cfn=(616)
calls=29 32 
* 942
+4 29
+1 29
-4 29
+3 29
+1 116
+9 29
+1 58
936 1332
-92 2664
1250 205240
1015 8
+14 8
+2 12
+1 2
-1 6
+9 4
+3 2
-1 2
+1 2
-1 2
+1 6
+5 2
-5 2
+5 2
+36 8
-48 40
853 80
1168 4
-20 5328
805 116
cfi=(139)
cfn=(626)
calls=29 29 
* 501
* 29
-45 8
+1 2
-1 2
cfi=(95)
cfn=(404)
calls=2 29 
* 38
+2 2
-1 4
+1 4
-19 190
623 1372
1199 2744
-80 36
1250 20
cfi=(110)
cfn=(704)
calls=4 241 
* 572
* 16

fl=(48)
fn=(190)
49 1
-49 12

fl=(83)
fn=(362)
29 2
-1 2
+1 2
+5 3

fl=(127) /build/eglibc-3GlaMS/eglibc-2.19/stdio-common/fprintf.c
fn=(600) fprintf
27 26034
+4 1366
+1 1366
-1 6830
+1 1366
cfi=(128) /build/eglibc-3GlaMS/eglibc-2.19/stdio-common/vfprintf.c
cfn=(602) vfprintf
calls=1366 235 
* 2204963
-1 792
+1 792
-1 3960
+1 792
cfi=(128)
cfn=(602)
calls=792 235 
* 685384
+4 4316

fl=(70) /build/eglibc-3GlaMS/eglibc-2.19/misc/init-misc.c
fn=(276) __init_misc
30 4
+1 5
+2 3
cfi=(71)
cfn=(278)
calls=1 -9 
* 24
+4 5
+1 3
+2 4

fl=(80) /build/eglibc-3GlaMS/eglibc-2.19/stdlib/cxa_atexit.c
fn=(340) __cxa_atexit
57 6
-22 2
cfn=(342) __new_exitfn
calls=1 +38 
* 38
+2 2
+4 1
+3 1
+1 1
-4 2
+2 1
+4 1
+1 1
+11 4

fn=(342)
73 1
+6 2
-6 3
+6 4
+2 4
-7 2
+9 3
-2 1
+10 1
-10 3
+45 1
+1 1
+3 4
+3 5
-21 1
+1 2

fl=(101) /build/eglibc-3GlaMS/eglibc-2.19/malloc/hooks.c
fn=(426) malloc_hook_ini
30 2
fi=(102) /build/eglibc-3GlaMS/eglibc-2.19/malloc/arena.c
373 3
fe=(101)
29 3
cfi=(102)
cfn=(428) ptmalloc_init.part.7
calls=1 371 
* 58021
* 1
+4 1
-1 1
cfi=(100)
cfn=(425) malloc'2
calls=1 2876 
* 1184

fl=(75)
fn=(290)
33 3
+1 1

fl=(150)
fn=(750)
36 4
-8 8
+11 8
+1 12
+5 4
-6 8
+82 8

fl=(43)
fn=(176)
54 1
-9 1
+9 1
+3 1
-3 1
+3 5
+95 2
+1 7
+7 3
+4 2
+2 3
+18 2
+5 1
+1 1
+2 1
+1 2
-9 4
+1 5
+1 2
-16 2
+1 1
+2 2
+3 2
31 2
+6 1
-6 1
+7 1
-1 1
+28 1
-27 1
+27 1
-28 1
+2 1
-1 1
+1 1
+26 1
+1 1
-35 4
+35 1
+5 1
-12 1
+12 1
+3 12
+27 1
-42 1
+42 1
+22 1
-64 1
+68 1

fn=(210)
200 42
+4 28

fl=(118)
fn=(506)
81 60
+1 12

fn=(552)
81 44
+1 11

fl=(132)
fn=(610)
20 1372
+1 1372
-2 1372
+1 1372
+3 1372
-2 1372
+1 4116
+1 4116
+1 1372

fl=(100)
fn=(424)
2876 80112
+5 40056
+1 40056
+3 40054
+2 160216
+4 60081
cfn=(442) _int_malloc
calls=20027 3302 
* 2484072
+1 20027
-1 20027
+1 20027
+11 80108
+1 160216
+3 100135
-24 1
+24 3
-24 1
cfi=(101)
cfn=(426)
calls=1 30 
* 59216

fn=(425)
2876 4
+5 2
+1 2
+3 2
+2 8
+4 3
cfn=(442)
calls=1 3302 
* 1143
+1 1
-1 1
+1 1
+11 4
+1 8
+3 5

fn=(442)
3302 140196
+30 20028
-30 20028
+30 180252
+8 40056
+2 3
+1 1
+1 1
-1 2
+5 2
+29 40056
+2 20052
+1 20052
+2 30078
+2 4
+4 1
+1 2
+5 1
+1 1
+1 1
+2 3
1862 10001
3743 10001
1862 20002
3806 180252
3421 80012
+1 20004
+1 3
cfn=(444) malloc_consolidate
calls=1 4104 
* 793
* 1
3790 1
4992 2
3790 3
+2 25
4990 1
+2 1
-2 3
3442 2
3790 20026
4992 40052
3790 60078
+2 500650
4990 20026
+2 20026
-2 60078
3442 40052
+66 2
+1 3
+1 1
+50 6
+7 1
-6 1
+1 1
+1 1
+1 1
+3 1
-7 6
+7 1
-6 1
+1 1
+1 1
+1 1
+3 1
3442 60087
+3 10001
-1 10001
+1 20002
+1 20002
+3 10001
+10 30004
+34 10001
-5 10001
+1 10001
+4 10001
+13 4
+8 4
+1 1
+1 1
+3 2
-5 4
+43 4
-43 9
-53 5000
-1 10000
3576 20056
+73 10028
+1 10028
+1 10028
-1 10028
+1 10028
+1 20056
+1 20056
+5 60174
+4 30087
+3 20108
-3 15081
+3 20104
-3 15072
+3 20048
-3 10024
3765 10027
+3 10027
-2 30081
+2 20054
+17 2
3674 34
+2 68
-4 72
+8 2
+3 4
+2 1
+1 1
+1 1
-2 4
+62 1
3496 9999
-1 9999
+1 29997
+82 10004
+3 15006
3421 2
2721 2
3665 8
+2 2
+1 4
3421 60006
3692 3
+3 2
+5 1
-3 1
+3 1
-3 1
+3 11
+3 2
+15 1
-5 1
+6 2
+11 1
-6 1
+1 1
+1 1
+1 1
+3 1
+1 1
+1 2
+2 1
+1 1
+2 7
+2 2
-2 1
+2 1
+1 2
5000 1
2271 4
+11 1
-11 1
+11 1
+87 1
-9 1
+9 1
+9 3
2700 2
+1 1
+5 2
+3 2
+5 1
-3 1
+3 1
-2 1
+5 1
-3 3
+1 1
-1 1
-1 1
+1 2
+1 1
3801 2
1862 3
2272 2
3773 10026
-3 10026
+1 10026
+2 10026
-1 10026
+1 20052
+2 10026
-2 30078
1862 10026
3773 10026
+2 10026
+3 10026
1862 20052
2433 1
+19 2
-19 1
+9 1
+10 2
-10 1
+10 1
-10 3
+10 3
+8 1
-8 1
+8 1
+2 4
cfi=(106)
cfn=(446)
calls=1 46 
* 62
* 2
+4 5
+3 2
+1 2
+19 1
+27 2
+1 1
+1 2
+6 1
-6 1
+6 1
+3 6
+42 3
+19 1
+3 2
+1 6
+2 1
-2 1
+2 1
+1 4
cfi=(106)
cfn=(446)
calls=1 46 
* 26
+12 3
+8 2
+1 3
+39 1
+1 1
-2 1
+1 3
+12 1
-12 1
+1 1
+11 1
2527 2
+42 3
2369 2
3700 11

fn=(566) _int_free
3814 160216
+13 20027
-13 20027
+13 40054
+6 80108
+1 40054
+11 80108
+13 60081
+11 4
+1 3
1869 1
3894 1
1869 2
3896 3
+1 2
+1 1
+3 1
-3 1
+9 3
-5 4
+14 2
+2 1
+2 6
+2 2
4087 8
3933 40052
+1 60078
+18 20026
-4 20026
+4 40052
+6 40052
+8 60078
+6 40052
+1 40052
+1 40052
1869 60078
3983 40052
+1 5013
+2 5013
-1 5013
+2 65163
+3 40052
+5 30042
+1 69
+1 6
+11 6
-1 6
+2 12
-1 15015
-1 15015
+2 30030
+7 15021
-2 15021
+1 15021
+1 15021
+2 10016
+1 10016
+2 10016
+1 10016
+2 30048
+1 10016
+30 20032
-34 5005
+1 5005
+2 15015
+1 5005
+30 20020
+1 10010
+3 15015
3943 140182
+2 40052
4075 60078
+1 60078
+1 80104
+10 160208
-88 30030
+37 5005
+1 15015
+1 10010
+19 2
cfn=(444)
calls=1 +47 
* 178
* 1
+4 25025
+2 8
cfn=(568) systrim.isra.1
calls=2 2736 
* 272
* 2
3960 60078
-2 40052

fn=(568)
2736 18
+10 4
+1 6
+2 2
+1 4
+1 2
+46 16
-37 8
cfi=(106)
cfn=(446)
calls=2 46 
* 52
* 2
+1 8
-7 4
+19 2
-19 8
+19 4
cfi=(106)
cfn=(446)
calls=2 46 
* 52
+2 2
+1 2
-1 2
+1 4
+2 8
cfi=(106)
cfn=(446)
calls=2 46 
* 52
+4 4
+4 6

fn=(564) free
2917 40054
+1 40054
+6 40054
+5 20027
-2 20027
+2 40054
+16 60081
+1 40054
cfn=(566)
calls=20027 3814 
* 2173524

fn=(444)
4104 16
+22 4
+1 3
4990 1
+2 2
4129 1
+10 1
+1 1
4990 4
4142 2
+1 2
-1 18
+1 27
+22 1
-1 1
+1 12
+4 1
+4 1
-3 1
+1 1
+2 1
+1 1
+1 1
+3 1
+1 1
+1 1
-2 1
+12 1
-12 1
+3 1
+9 1
-41 1
-3 1
+3 2
+1 1
+1 2
+2 2
+1 1
+2 1
-1 1
+2 13
+3 2
+3 2
+30 40
+6 8
4996 1
4126 3
1785 1
+3 3
-3 128
+3 378
-3 252
+7 3
+5 1
+2 1
-2 1
4199 8
1796 3

fl=(105) /build/eglibc-3GlaMS/eglibc-2.19/nptl/../nptl/sysdeps/unix/sysv/linux/register-atfork.c
fn=(440) __linkin_atfork
116 2
+1 6
+2 1

fl=(95)
fn=(404)
29 1376
+1 1376
+2 1376
+1 1376
+1 1376
+12 1376
+1 1376
+1 1374
+1 1374
+1 1374
+1 1374
+1 1374
+6 1374
+1 1374
+1 1374
+3 2
+1 2
+1 2
+1 2
+1 2
+1 2
+1 2
+5 2
+1 2
+1 2
+1 2
+1 2

fl=(79) /build/eglibc-3GlaMS/eglibc-2.19/csu/libc-start.c
fn=(338) (below main)
133 7
+4 1
-4 3
+4 3
+82 1
-82 1
+82 1
+1 4
cfi=(80)
cfn=(340)
calls=1 57 
* 60
+22 6
+3 2
+1 5
cob=(8)
cfi=(78)
cfn=(344) __libc_csu_init
calls=1 0 
* 55
+4 4
+15 2
+9 2
cfi=(81)
cfn=(358)
calls=1 30 
* 29
+1 2
+5 2
+1 2
+3 2
+3 6
cob=(8)
cfi=(84) /home/jacob/Documents/divergence-metrics-master/WindowMetrics.c
cfn=(364) main
calls=1 160 
* 8414205639
+34 2
cfi=(146) /build/eglibc-3GlaMS/eglibc-2.19/stdlib/exit.c
cfn=(708) exit
calls=1 104 
* 8128
137 2

fl=(131)
fn=(608)
27 1001372
-1 1001372
+1 1001372
+1 2002744
+1 1001372
+1 1001372

fl=(92) /build/eglibc-3GlaMS/eglibc-2.19/stdlib/strtod.c
fn=(396) strtod
69 4
cfi=(93) /build/eglibc-3GlaMS/eglibc-2.19/stdlib/strtod_l.c
cfn=(398) ____strtod_l_internal
calls=1 494 
* 569

fl=(102)
fn=(428)
371 6
+13 1
-8 1
+8 1
+7 2
+1 2
-1 1
+1 10
cfi=(105)
cfn=(440)
calls=1 116 
* 9
+2 5
+16 2
-74 122
+16 61
-18 186
455 2
+6 2
+1 2
+2 1
+1 7
-80 5
cfi=(103)
cfn=(430)
calls=1 126 
* 57579
* 2
+1 4
-49 4
+1 4

fl=(67)
fn=(270)
52 8
+6 3
+14 1
fi=(68) /build/eglibc-3GlaMS/eglibc-2.19/csu/../sysdeps/generic/dl-hash.h
-28 1
fe=(67)
+26 1
+1 1
fi=(69) /build/eglibc-3GlaMS/eglibc-2.19/csu/../sysdeps/unix/sysv/linux/x86_64/init-first.c
-33 1
fi=(68)
+7 1
fi=(69)
-7 1
fe=(67)
+34 1
fi=(69)
-34 2
fi=(68)
+5 1
+5 3
+1 2
+13 2
-17 3
+3 9
+1 6
+13 6
-17 9
+22 1
fi=(69)
-29 2
+2 2
-2 1
+2 2
cfi=(46)
cfn=(182)
calls=1 -13 
* 7
+1 2
+5 2
-3 2
+1 1
+2 1
cfi=(46)
cfn=(182)
calls=1 -19 
* 7
fe=(67)
+40 1
fi=(69)
-36 1
fe=(67)
+36 2
fi=(69)
-36 2
+1 2
+1 1
fe=(67)
+34 1
cfi=(70)
cfn=(276)
calls=1 -56 
* 48
+8 1
cfi=(72) /build/eglibc-3GlaMS/eglibc-2.19/ctype/ctype-info.c
cfn=(280) __ctype_init
calls=1 -63 
* 16
+5 6
-34 1
-7 1
+7 4
fi=(69)
-23 2
fe=(67)

fl=(44)
fn=(178)
37 1
-1 1
fi=(45)
+8 1
fe=(44)
-7 2
fi=(45)
+8 1
fe=(44)
-8 1
fi=(45)
+6 1
+5 3
+1 2
+13 2
-17 3
+3 9
+1 6
+13 6
-17 9
+22 1
fe=(44)
-30 2
+3 2
-3 1
+3 1
cfi=(46)
cfn=(182)
calls=1 -13 
* 7
* 3
+1 3

fl=(89) /build/eglibc-3GlaMS/eglibc-2.19/stdlib/atoi.c
fn=(386) atoi
26 1
+1 3
cfi=(90)
cfn=(388)
calls=1 +81 
* 106
+1 2

fl=(137)
fn=(622)
61 5674
+4 5674
+3 5674
+1 5674
+2 5048
+1 5048
+2 5048
+1 5048
+5 5048
+1 5048
-1 626
+1 626
+2 580
+1 580
+2 580
+1 580
+5 580
+1 580
-1 5094
+1 5094
+2 488
+1 488
+2 488
+1 488
+5 488
+1 488
-1 5186
+1 5186
+2 16
+1 16
+2 16
+1 32
+5 16
+1 16
-1 5658
+1 5681
+5 23
+1 23
+1 23
+1 23
+2 23
+2 23
+1 23
+2 23
+6 5674
+4 5674
+12 2
+2 2
+1 2
+26 2
+1 2
+3 2
+1 2
+1 2
+5 2
+2 2
+1 2
+1 2
+1 2
+2 2
+1 2
+1 2
+1 2
+2 2
+1 2
+2 2
+22 2
+2 2

fl=(126) /build/eglibc-3GlaMS/eglibc-2.19/libio/iofwrite.c
fn=(584) fwrite
35 183
+1 122
-1 244
+4 122
+2 1098
+1 287
fi=(123)
904 122
+1 183
fe=(126)
49 122
-7 9
+1 45
cfi=(111)
cfn=(586)
calls=9 1281 
* 2767
* 260
cfi=(111)
cfn=(586)
calls=52 1281 
* 3745
* 244
+10 61
-3 61
+3 305
fi=(123)
905 366
fe=(126)

fl=(72)
fn=(280)
31 5
+2 1
-2 2
+2 3
+2 5

fl=(85) /build/eglibc-3GlaMS/eglibc-2.19/posix/getopt.c
fn=(416) exchange
191 2
+2 2
-2 4
+1 2
-1 2
+3 2
-2 2
-1 4
+3 2
-3 6
+33 10
+2 18
+24 33
+2 3
+1 6
+1 6
-4 6
+8 3
-34 6
+42 2
-2 2
+1 2
+1 2
-2 2
+2 2
-2 4
+2 8

fn=(370) getopt
1188 4
+1 20
cfn=(372) _getopt_internal
calls=4 -20 
* 1259
+4 8

fn=(372)
1169 8
+3 12
+1 12
+2 20
cfn=(374) _getopt_internal_r
calls=4 394 
* 1163
+4 4
+1 4
-1 4
+1 8
+1 12
+3 12

fn=(374)
394 40
+3 4
-3 16
+1 4
-1 4
+1 4
+2 4
+5 4
-2 4
+2 8
282 1
-4 2
+2 1
+2 1
cfi=(86)
cfn=(376)
calls=1 35 
* 416
* 1
+4 1
-4 4
+4 3
+5 2
+6 5
408 2
+5 1
+14 1
-14 2
+14 1
-14 1
+14 1
-14 3
+14 3
-14 6
+14 3
-14 3
+14 5
+94 6
826 3
+1 3
-1 9
+1 9
cfi=(88)
cfn=(380)
calls=3 24 
* 117
+3 9
+1 1
+2 9
1163 24
402 12
+8 18
+23 12
+2 12
+3 8
+24 21
+21 2
+1 1
1163 1
485 1
1163 7
491 9
+12 9
-1 9
833 6
+37 9
1095 8
443 12
+1 6
+1 6
cfn=(416)
calls=2 191 
* 143
* 2
+7 20
+1 4
-1 2
+1 2
-1 23
+10 4
-8 4
+8 7
1097 2
+3 2
-3 2
+15 4
+5 2
-3 4
+44 2
+3 8
446 4
+1 2

fl=(151) /build/eglibc-3GlaMS/eglibc-2.19/posix/../sysdeps/unix/sysv/linux/_exit.c
fn=(834) _Exit
28 2
+4 1
+2 2

fl=(128)
fn=(602)
235 23738
+35 6474
1295 6476
+4 10790
+11 4316
+11 2158
fi=(152) /build/eglibc-3GlaMS/eglibc-2.19/stdio-common/printf-parse.h
108 4316
fe=(128)
1321 10790
fi=(152)
108 2158
cfi=(129) /build/eglibc-3GlaMS/eglibc-2.19/string/../sysdeps/x86_64/strchr.S
cfn=(604) strchrnul
calls=2158 -84 
* 45948
fe=(128)
1336 2158
fi=(152)
108 2158
fe=(128)
1332 2158
+4 4316
+4 15106
cfi=(111)
cfn=(586)
calls=2158 -59 
* 114583
* 6474
2098 10790
+3 2158
+1 17264
1295 4312
+41 15106
+1 32370
2098 10790
+1 6474
1340 4316
+4 2158
-4 2158
+4 4316
+4 15106
283 2158
-6 2158
-3 2158
1325 2158
-8 2158
240 2158
1396 22688
-3 2836
-1 2836
-17 2836
+1 2836
+1 2836
+1 2836
+1 2836
+1 2836
+1 2836
+1 2836
+1 2836
+1 2836
+1 2836
+3 2836
+1 2836
1580 5672
-21 8508
1396 25524
2091 4316
+2 4316
+2 4316
1680 5672
+8 2836
fi=(152)
108 5672
fe=(128)
1688 2836
fi=(152)
108 2836
fe=(128)
1688 2836
fi=(152)
108 2836
cfi=(129)
cfn=(604)
calls=2836 -84 
* 74236
fe=(128)
1692 2836
-4 2836
+4 25524
cfi=(111)
cfn=(586)
calls=2836 1281 
* 116057
* 2836
-10 2836
+10 31196
+2 2836
-2 2836
+2 2836
-16 2034
-18 71790
cfi=(111)
cfn=(586)
calls=1463 1281 
* 98353
* 13167
+1 21
cfi=(111)
cfn=(586)
calls=1 1281 
* 71
* 25
-1 14630
cfi=(140)
cfn=(628)
calls=1463 168 
* 44762
* 58795
+1 9
-1 95036
cfi=(130)
cfn=(606)
calls=1372 161 
* 1655883
* 16464
-27 4165
-1 490

fl=(115)
fn=(490)
214 10
+11 1
-11 2
+11 2
+1 2
+88 6
+6 4
+3 5
+4 2
+8 2
+6 1
+2 3
+15 1
-15 1
+15 8
2590 1
363 1
-94 1
-49 1
-1 1
+56 1
2590 1
2156 1
273 1
2156 1
367 2
-95 1
-7 1
-1 1
-1 1
-1 1
-12 1
367 1
230 1
-12 1
367 2
+37 3
+25 1
+1 1
-1 1
+1 1
+26 1
-89 3
223 1
2933 2
475 4
+49 9
+80 2
+5 6
+1 3
+3 1
+1 4
-1 1
+1 2
+6 6
+3 5
+2 3
-1 2
+1 5
cfi=(110)
cfn=(518)
calls=1 726 
* 14
* 2
+4 8
469 7
+24 8
+21 5
2943 5
+2 2
+3 3
+3 2
+17 3
+6 8
-31 3
358 6
610 2
1394 8
+5 1
-5 1
+5 3
1729 8
-9 40
+2 20
+5 61
+57 2
+1 2
+26 9
cfi=(110)
cfn=(518)
calls=1 726 
* 14
* 2
+3 2
+10 1
-10 1
+10 1
-10 1
+10 1
+1 6
cfi=(90)
cfn=(522)
calls=1 97 
* 274
+4 4
+3 2
+2 2
+4 2
472 1
1408 3
+23 2
+3 4
-43 1
-1 2
1724 9
+53 18
+2 18
-2 9
+2 9
-2 9
+2 9
+2 90
-52 5
2374 3
524 2
1840 2
493 1
+28 2
1842 2
+1 3
+14 10
620 6
cfi=(110)
cfn=(492)
calls=1 363 
* 217
* 6
1777 6
fi=(119)
28 3
fe=(115)
1777 15

fl=(146)
fn=(708)
104 1
-1 1
+1 2
cfn=(710) __run_exit_handlers
calls=1 -69 
* 8124

fn=(710)
35 8
+5 1
cfi=(147)
cfn=(712)
calls=1 +42 
* 1345
* 1
+6 8
+4 6
+3 1
-1 1
+2 5
+33 1
+1 1
-1 1
+1 1
+6 2
+1 5
cfi=(110)
cfn=(824)
calls=1 1010 
* 408
* 3
+2 2
cfi=(151)
cfn=(834)
calls=1 -69 
* 5
-19 1
+4 2
-2 2
+2 1
cob=(1)
cfi=(148)
cfn=(720)
calls=1 +49 
* 6312
+1 1

fl=(93)
fn=(398)
494 9
+56 1
-2 1
-54 1
+56 1
+18 1
-1 1
+15 3
+1 2
cfi=(87)
cfn=(378)
calls=1 66 
* 16
+1 1
-1 1
+1 4
+21 1
-6 2
+9 2
+1 3
+3 1
-4 1
+4 1
+5 1
-17 1
+17 1
+13 3
+1 2
+75 3
+43 2
+1 3
+1 5
+5 2
+1 4
-1 3
+8 2
+18 2
+10 3
+1 2
+12 2
+16 2
+42 4
+9 2
+1 4
-1 3
+7 3
+1 3
+11 2
+6 1
+1 2
-1 1
+1 2
639 3
1778 8
899 3
1030 2
+2 2
+5 2
+3 2
+19 3
+3 2
+3 2
+33 2
+92 1
+2 6
+1 1
+1 1
+3 1
-3 1
+3 3
+3 2
601 1
1203 2
1365 6
+9 2
+33 4
+1 1
-1 1
+1 3
+2 4
+8 1
-57 1
+77 1
-20 1
+20 1
-75 1
+55 2
-56 1
+56 1
-57 1
+61 1
+16 1
-76 1
+59 1
+17 3
-6 1
+1 6
cfi=(94) /build/eglibc-3GlaMS/eglibc-2.19/string/../sysdeps/x86_64/multiarch/../memcpy.S
cfn=(400) __GI_memcpy
calls=1 61 
* 18
+15 1
+1 1
+2 2
-26 2
+3 1
+2 1
+2 1
-2 1
+23 5
+4 9
cfn=(402) str_to_mpn.isra.0
calls=1 348 
* 56
+17 4
+2 2
+4 5
cfi=(95)
cfn=(404)
calls=1 29 
* 15
+1 5
cfi=(95)
cfn=(404)
calls=1 29 
* 15
+1 3
+11 1
+2 1
-2 1
+2 1
1643 5
cfn=(406) round_and_return
calls=1 212 
* 86
* 1
706 3
+19 6
500 4
727 2
-1 2
+1 2
1504 1
-2 1
+1 1
+1 3
+4 1
+38 2
-38 3
+38 1
-38 1
+38 22
+6 1
-1 1
-1 1
+2 1
-2 1
+1 1
-1 2
1383 5
+3 10
+13 1
-10 3
+10 1
+5 2
969 3
-84 8
+3 2
-7 9

fn=(402)
348 9
+14 1
-1 1
-13 2
+14 7
+34 5
+3 2
+7 2
+3 2
+3 1
-3 1
+1 1
+2 1
+2 4
+7 3
+2 3
+2 1
+1 1
+15 9

fn=(406)
212 11
fi=(96) /build/eglibc-3GlaMS/eglibc-2.19/stdlib/../sysdeps/generic/get-rounding-mode.h
93 1
+1 5
fe=(93)
215 2
+89 2
+35 8
fi=(96)
103 1
-9 2
fe=(93)
339 10
-28 3
-4 1
fi=(97) /build/eglibc-3GlaMS/eglibc-2.19/stdlib/../include/rounding-mode.h
46 3
fe=(93)
338 3
cfi=(99)
cfn=(414)
calls=1 39 
* 14
* 1
fi=(97)
46 2
+6 6
fe=(93)
307 2
fi=(98) /build/eglibc-3GlaMS/eglibc-2.19/stdlib/../stdlib/gmp.h
447 1
fe=(93)
316 2
fi=(98)
448 1
fe=(93)
316 1
+10 4

fl=(94)
fn=(400)
61 1
+2 1
+2 1
+3 1
+1 1
+11 1
+1 1
+11 1
+1 1
+11 1
+1 1
+2 1
+1 1
+2 1
+1 1
+5 1
+1 1
+23 1

fl=(107)
fn=(448)
34 8
+8 8
-8 24
+8 45
+4 16
+4 4
+3 1
cfi=(108)
cfn=(450)
calls=1 -22 
* 13
* 2
+4 40
-14 2
cfi=(108)
cfn=(450)
calls=1 -12 
* 13
* 4

fl=(129)
fn=(604)
24 4994
+1 4994
+1 4994
+1 4994
+1 4994
+1 4994
+1 4994
+1 4994
+1 4442
+1 4442
+1 4442
+1 4442
+1 4442
+1 4442
+1 4442
+1 4442
+1 4442
+1 4424
+2 4424
+7 4424
+4 18
+1 18
+1 18
+1 18
+1 18
+1 18
+1 18
+1 18
+1 18
+1 18
+1 18
+1 18
+1 18
+1 18
+1 18
+1 18
+1 18
+1 18
+1 18
+1 18
+1 18
+1 18
+1 18
+1 110
+5 92
+1 92
+3 92
+1 92
+1 92
+1 92
+1 92
+1 92
+1 92
+1 92
+1 92
+1 92
+1 92
+1 92
+1 92
+1 92
+1 92
+1 92
+1 92
+1 92
+2 92
+1 92
+2 92
+1 92
+1 92
+1 92
+1 92
+1 92
+1 92
+1 92
+2 92
+1 92
+1 92
+1 92
+1 92
+1 92
+1 92
+1 92
+1 92
+1 92
+3 92
+2 92
+7 92
-9 478
+2 478
+7 478
+4 552
+1 552
+1 552
+1 552
+1 552
+1 552
+1 552
+1 552
+1 552
+1 552
+1 552
+1 552
+1 552
+1 552
+1 552
+1 552
+1 552
+1 552
+1 552
+1 552
+1 552
+1 552
+1 552
+1 552
+1 552
+1 552
+1 552
+1 552
+1 552
+1 552
+1 552
+1 552
+1 552
+1 552
+1 552
+1 552
+1 552
+1 552
+1 92

fl=(138)
fn=(624)
57 451
+6 41
-6 82
+6 41
+13 41
-1 82
+5 41
+1 82
+9 123
cfi=(134)
cfn=(616)
calls=41 -58 
* 1312
+2 41
+5 41
-5 82
+1 41
+4 41
+54 328

fl=(122) /build/eglibc-3GlaMS/eglibc-2.19/libio/iofclose.c
fn=(540) fclose@@GLIBC_2.2.5
40 33
+14 11
-14 11
+14 33
+3 198
+4 33
-3 22
fi=(123)
904 22
+1 33
fe=(122)
63 44
cfi=(111)
cfn=(556)
calls=11 202 
* 352
+1 33
+18 66
+2 11
+1 22
cfi=(100)
cfn=(564)
calls=11 2917 
* 1687
cob=(1)
cfi=(51)
cfn=(204)
calls=1 -51 
* 748
* 15
+4 55
-10 22
-20 22
cfi=(111)
cfn=(544)
calls=11 +99 
* 2263
* 33
-4 11
cfi=(110)
cfn=(542)
calls=11 +5 
* 1024
* 33
fi=(123)
905 66
fe=(122)

fl=(73)
fn=(282)
550 1
+13 1
-13 1
+13 1
-13 1
+13 1
+7 2
+2 3
cfn=(284) handle_intel
calls=1 306 
* 431
+4 2
-4 1
+4 1
cfn=(284)
calls=1 306 
* 470
+2 1
-2 1
-1 1
+3 1
+29 1
-18 1
+18 3
+7 2
+9 20
-9 12
+6 6
-6 3
+6 2
+49 4
+75 2
+2 1
+1 1
+2 1
-3 1
+5 1
-5 1
+4 3
+4 2
+2 1
+1 1
+2 1
-3 1
+5 1
+2 1
-7 1
+4 2
+3 1
-3 1
+3 2
-93 5
-45 2
+6 5
+7 2
+4 4
+2 4
-6 4
+4 1
-2 1
+2 1
-4 3
+4 1
-2 1
+2 1
+15 2
-8 1
+2 2
+1 1
-1 2
+1 1
+1 1

fn=(286) intel_check_word
162 8
+6 4
-7 8
+7 8
-7 4
+7 8
-7 4
+7 4
+2 4
-2 4
+2 12
+2 4
+2 8
-2 6
+2 12
+8 20
+53 16
fi=(74) /build/eglibc-3GlaMS/eglibc-2.19/string/../bits/stdlib-bsearch.h
27 8
+1 16
+3 16
+1 8
fe=(73)
150 16
fi=(74)
31 12
+1 6
fe=(73)
150 12
+3 54
fi=(74)
29 46
+2 46
-2 46
+2 80
+1 40
fe=(73)
150 80
295 8
170 16
-6 2
300 16
fi=(74)
37 8
-8 18
fe=(73)
194 10
+5 10
-5 14
+34 3
-34 15
+5 6
+4 8
+7 8
+3 2
+2 4
-10 2
-2 2
+2 3
+12 2
+2 2
+1 2
-3 2
+2 2
-1 2
-1 2
+2 2
-1 6
+1 2
-2 4

fn=(284)
306 4
-1 4
+17 2
-17 12
+14 2
+1 4
-3 6
+23 10
cfn=(286)
calls=2 162 
* 636
+1 4
+3 10
cfn=(286)
calls=2 162 
* 167
+1 4
-17 4
+5 2
-5 4
+5 2
+2 2
+1 2
-1 4
+27 16

ob=(6)
fl=(76)
fn=(782)
0 8
cob=(3)
cfi=(149)
cfn=(748)
calls=1 31 
0 59
cob=(1)
cfi=(51)
cfn=(204)
calls=1 34 
0 1264
0 5
0 1
cfn=(796) 0x0000000000002160
calls=1 0 
0 9
0 3

fn=(796)
0 9

fn=(308)
0 16

ob=(8)
fl=(78)
fn=(330)
0 11
cob=(3)
cfi=(79)
cfn=(338)
calls=1 133 
0 8414213971
cob=(1)
cfi=(51)
cfn=(204)
calls=1 34 
0 1301
0 5

fn=(350) 0x0000000000400ce0
0 15

fn=(728) 0x0000000000400c50
0 8

fn=(724)
0 5
cfn=(728)
calls=1 0 
0 8
0 3

fn=(344)
0 16
cob=(2)
cfi=(14)
cfn=(346) 0x0000000000400a90
calls=1 0 
0 6
0 7
cfn=(350)
calls=1 0 
0 15
0 11

fl=(84)
fn=(668) Selection
1361 280000000
+1 320000000
+1 68000000
+3 12000116
+5 72000000
+14 72000000
+1 12000000
+1 11999884
+3 116
+1 522
+15 80000000
+2 160000000

fn=(702) addAnewMutation
317 552
+3 552
+1 552
+2 184
+3 92
+7 2116
cob=(3)
cfi=(127)
cfn=(600)
calls=92 27 
* 207436
* 92
+2 92
+1 184

fn=(636) openDataRecordingFiles
971 3
+4 3
cob=(3)
cfi=(109)
cfn=(458)
calls=1 103 
* 490
* 1
* 1
+1 6
cob=(3)
cfi=(126)
cfn=(584)
calls=1 35 
* 376
* 1
+3 3
cob=(3)
cfi=(109)
cfn=(458)
calls=1 103 
* 490
* 1
* 1
+1 6
cob=(3)
cfi=(126)
cfn=(584)
calls=1 35 
* 153
* 1
+3 3
cob=(3)
cfi=(109)
cfn=(458)
calls=1 103 
* 490
* 1
* 1
+1 6
cob=(3)
cfi=(126)
cfn=(584)
calls=1 35 
* 358
* 1
+1 2
+1 240
cob=(3)
cfi=(127)
cfn=(600)
calls=40 27 
* 21914
* 40
-1 163
+3 2
+1 4
+1 560
cob=(3)
cfi=(127)
cfn=(600)
calls=80 27 
* 72948
* 80
-1 326
-1 8
+5 4
cob=(3)
cfi=(141)
cfn=(642)
calls=1 34 
* 39
cob=(1)
cfi=(51)
cfn=(204)
calls=1 34 
* 1164
* 5
+3 3
cob=(3)
cfi=(109)
cfn=(458)
calls=1 103 
* 490
* 1
* 1
+1 3
cob=(3)
cfi=(109)
cfn=(458)
calls=1 103 
* 490
* 1
* 1
+1 3
cob=(3)
cfi=(109)
cfn=(458)
calls=1 103 
* 490
* 1
* 1
+1 3
cob=(3)
cfi=(109)
cfn=(458)
calls=1 103 
* 490
* 1
* 1
+2 6
cob=(3)
cfi=(126)
cfn=(584)
calls=1 35 
* 358
* 1
+1 6
cob=(3)
cfi=(126)
cfn=(584)
calls=1 35 
* 358
* 1
+1 6
cob=(3)
cfi=(126)
cfn=(584)
calls=1 35 
* 358
* 1
+1 6
cob=(3)
cfi=(126)
cfn=(584)
calls=1 35 
* 358
* 1
+2 2
+1 4
+1 28
cob=(3)
cfi=(127)
cfn=(600)
calls=4 27 
* 3616
* 4
+1 28
cob=(3)
cfi=(127)
cfn=(600)
calls=4 27 
* 3616
* 4
+1 28
cob=(3)
cfi=(127)
cfn=(600)
calls=4 27 
* 3616
* 4
+1 28
cob=(3)
cfi=(127)
cfn=(600)
calls=4 27 
* 3616
* 4
-4 22
-1 11
+8 4
cob=(3)
cfi=(141)
cfn=(642)
calls=1 34 
* 39
* 1
+1 4
cob=(3)
cfi=(141)
cfn=(642)
calls=1 34 
* 39
* 1
+1 4
cob=(3)
cfi=(141)
cfn=(642)
calls=1 34 
* 39
* 1
+1 4
cob=(3)
cfi=(141)
cfn=(642)
calls=1 34 
* 39
* 1
+2 3
cob=(3)
cfi=(109)
cfn=(458)
calls=1 103 
* 490
* 1
* 1
+1 6
cob=(3)
cfi=(126)
cfn=(584)
calls=1 35 
* 348
* 1
+1 2
+1 4
+1 28
cob=(3)
cfi=(127)
cfn=(600)
calls=4 27 
* 3616
* 4
-1 22
-1 11
+5 4
cob=(3)
cfi=(141)
cfn=(642)
calls=1 34 
* 39
* 1
+2 2

fn=(664) reproduction
1106 70000
+4 260000
+2 20000
+2 80000
cob=(3)
cfi=(100)
cfn=(424)
calls=10000 2876 
* 1645000
* 10000
* 10000
+1 50000
cob=(3)
cfi=(100)
cfn=(424)
calls=10000 2876 
* 1654947
* 10000
* 10000
+3 20000
+1 20000
+1 20000
+2 20000
+2 80000
+3 60000
+1 160000
cfn=(666) viabilitySelection
calls=20000 1278 
* 2604056430
* 40000
+11 40000
+3 6000000
cfn=(688) pickParent
calls=1000000 1033 
* 95228872
* 1000000
+1 6000000
cfn=(688)
calls=1000000 1033 
* 96337710
* 1000000
+1 7000000
+1 7000000
+10 6000000
cfn=(692) makeOffspring
calls=1000000 812 
* 5350997283
+1 4000000
+2 7000000
+1 1000000
-20 4060000
+23 140000
+2 80000
-42 80000
+45 30000
+5 30000
cob=(3)
cfi=(100)
cfn=(564)
calls=10000 2917 
* 1210000
cob=(1)
cfi=(51)
cfn=(204)
calls=1 34 
* 1114
* 10004
+1 20000
+2 30000
cob=(3)
cfi=(100)
cfn=(564)
calls=10000 2917 
* 1260000
* 10000
+1 30000
+16 30000

fn=(418) useShortTestValuesOfParameters
1259 2
+1 1
+1 1
+1 1
+1 1
+1 1
+1 1
+1 2

fn=(364)
160 5
+2 3
+3 1
+1 21
+29 3
cob=(3)
cfi=(89)
cfn=(386)
calls=1 26 
* 112
cob=(1)
cfi=(51)
cfn=(204)
calls=1 34 
* 1114
* 5
* 1
+1 1
+8 4
cob=(3)
cfi=(92)
cfn=(396)
calls=1 69 
* 573
cob=(1)
cfi=(51)
cfn=(204)
calls=1 34 
* 1176
* 5
* 3
+1 1
+41 1
cfn=(418)
calls=1 1259 
* 10
+1 1
-82 24
cob=(3)
cfi=(85)
cfn=(370)
calls=4 1188 
* 1291
cob=(1)
cfi=(51)
cfn=(204)
calls=1 34 
* 1144
* 8
* 12
+91 5
cob=(3)
cfi=(100)
cfn=(424)
calls=1 2876 
* 59229
cob=(1)
cfi=(51)
cfn=(204)
calls=1 34 
* 1144
* 5
* 1
+3 1
cfn=(452) RNGsetup
calls=1 1197 
* 75077959
+1 1
cfn=(578) initializePopulation
calls=1 644 
* 238497
+1 1
cfn=(636)
calls=1 971 
* 122725
+1 2
cfn=(646) buildFitnessArray
calls=1 381 
* 4388
+5 2
+2 50000
+1 30000
cfn=(660) migration
calls=10000 903 
* 108165742
+2 30000
cfn=(664)
calls=10000 1106 
* 8203921360
+2 10000
cfn=(700) calculateMetricsAndStats
calls=10000 426 
* 26353837
+2 30000
-9 70004
+16 1
cfn=(706) finalPrints
calls=1 618 
* 29000
+3 3
cob=(3)
cfi=(100)
cfn=(564)
calls=1 2917 
* 119
* 1
+1 3
cob=(3)
cfi=(100)
cfn=(564)
calls=1 2917 
* 121
* 1
+1 3
cob=(3)
cfi=(100)
cfn=(564)
calls=1 2917 
* 137
* 1
+1 3
cob=(3)
cfi=(100)
cfn=(564)
calls=1 2917 
* 85
* 1
+1 3
cob=(3)
cfi=(100)
cfn=(564)
calls=1 2917 
* 119
* 1
+1 3
cob=(3)
cfi=(100)
cfn=(564)
calls=1 2917 
* 121
* 1
+1 3
cob=(3)
cfi=(100)
cfn=(564)
calls=1 2917 
* 137
* 1
+1 3
cob=(3)
cfi=(100)
cfn=(564)
calls=1 2917 
* 130
* 1
+1 3
cob=(3)
cfi=(100)
cfn=(564)
calls=1 2917 
* 137
* 1
+1 3
cob=(3)
cfi=(100)
cfn=(564)
calls=1 2917 
* 137
* 1
+1 3
cob=(3)
cfi=(100)
cfn=(564)
calls=1 2917 
* 137
* 1
+1 3
cob=(3)
cfi=(100)
cfn=(564)
calls=1 2917 
* 137
* 1
+1 3
cob=(3)
cfi=(100)
cfn=(564)
calls=1 2917 
* 149
* 1
+1 3
cob=(3)
cfi=(100)
cfn=(564)
calls=1 2917 
* 146
* 1
+1 3
cob=(3)
cfi=(100)
cfn=(564)
calls=1 2917 
* 119
* 1
+1 3
cob=(3)
cfi=(100)
cfn=(564)
calls=1 2917 
* 311
* 1
+3 3
cob=(3)
cfi=(122)
cfn=(540)
calls=1 40 
* 580
* 1
+1 3
cob=(3)
cfi=(122)
cfn=(540)
calls=1 40 
* 550
* 1
+1 3
cob=(3)
cfi=(122)
cfn=(540)
calls=1 40 
* 577
* 1
+1 3
cob=(3)
cfi=(122)
cfn=(540)
calls=1 40 
* 562
* 1
+1 3
cob=(3)
cfi=(122)
cfn=(540)
calls=1 40 
* 532
* 1
+1 3
cob=(3)
cfi=(122)
cfn=(540)
calls=1 40 
* 559
* 1
+1 3
cob=(3)
cfi=(122)
cfn=(540)
calls=1 40 
* 519
* 1
+2 1
+1 2

fn=(452)
1197 3
+10 3
+2 3
cob=(3)
cfi=(109)
cfn=(458)
calls=1 103 
* 1257
cob=(1)
cfi=(51)
cfn=(204)
calls=1 34 
* 1121
* 5
* 1
+1 2
+5 6
cob=(3)
cfi=(114)
cfn=(488)
calls=1 26 
* 1207
cob=(1)
cfi=(51)
cfn=(204)
calls=1 34 
* 1273
* 5
* 1
+1 2
+1 3
fi=(124) /home/jacob/Documents/divergence-metrics-master/MT/dSFMT.h
438 6
cfi=(121) /home/jacob/Documents/divergence-metrics-master/MT/dSFMT.c
cfn=(526) dsfmt_chk_init_gen_rand
calls=1 625 
* 40444
fe=(84)
1218 3
cob=(3)
cfi=(122)
cfn=(540)
calls=1 40 
* 1310
cob=(1)
cfi=(51)
cfn=(204)
calls=1 34 
* 1160
* 5
* 1
+23 3000002
fi=(124)
255 2000000
+2 4000000
+1 7854
cfi=(121)
cfn=(572) dsfmt_gen_rand_all
calls=2618 509 
* 52017042
+1 5236
+2 28798
fe=(84)
1241 7854
fi=(124)
261 10971202
fe=(84)
1241 2992148
+2 2

fn=(692)
812 6000000
+8 3000003
fi=(124)
255 2
+2 4
+4 11
+1 1
+34 4
fe=(84)
821 5
cob=(4)
cfi=(142)
cfn=(654)
calls=1 28 
* 161
* 1
* 6
+1 3000003
fi=(124)
255 2
+2 4
+4 11
+1 1
+34 4
fe=(84)
823 5
cob=(4)
cfi=(142)
cfn=(654)
calls=1 28 
* 153
* 1
* 6
+3 2000000
+3 12000000
+3 4000000
+1 3000000
+2 2000000
+2 9000000
+2 1000000
+1 2000000
-3 9000000
+2 1000000
+1 2000000
+1 652000000
fi=(124)
255 8000000
+2 16000000
+1 31713
cfi=(121)
cfn=(572)
calls=10571 509 
* 210035199
+1 21142
+2 116281
+1 10571
+34 42284
fe=(84)
843 52855
fi=(124)
261 43883719
+1 3989429
+34 15957716
fe=(84)
843 19947145
+1 3998474
+2 2000763
+3 20007630
fi=(124)
255 4001526
+2 8003052
fe=(84)
849 19992370
fi=(124)
255 3998474
+2 7996948
+1 31026
cfi=(121)
cfn=(572)
calls=10342 509 
* 205485198
+1 20684
+2 113762
+1 10342
+34 41368
fe=(84)
849 51710
cob=(4)
cfi=(142)
cfn=(654)
calls=10342 28 
* 1627298
* 10342
fi=(124)
261 43886238
+1 3989658
+34 15958632
fe=(84)
849 19948290
cob=(4)
cfi=(142)
cfn=(654)
calls=3989658 28 
* 628372598
* 3989658
* 20000000
+3 608000000
+3 33448
+1 16588
+2 33720
fi=(124)
255 16860
+2 33720
fe=(84)
858 24882
fi=(124)
255 16588
+2 33176
+1 108
cfi=(121)
cfn=(572)
calls=36 509 
* 715284
+1 72
+2 396
+1 36
+34 144
fe=(84)
860 180
cob=(4)
cfi=(142)
cfn=(654)
calls=36 28 
* 5614
* 36
fi=(124)
261 183568
+1 16688
+34 66752
fe=(84)
860 83440
cob=(4)
cfi=(142)
cfn=(654)
calls=16688 28 
* 2627298
* 16688
* 83620
+2 133792
+4 80000000
+1 640000000
+1 120000000
+1 180
fi=(124)
255 90
+2 180
+4 495
+1 45
+34 180
fe=(84)
870 225
cob=(4)
cfi=(142)
cfn=(654)
calls=45 28 
* 7018
* 45
* 315
+3 159999820
+3 120000000
+1 188
fi=(124)
255 94
+2 188
+4 517
+1 47
+34 188
fe=(84)
878 235
cob=(4)
cfi=(142)
cfn=(654)
calls=47 28 
* 7413
* 47
* 329
+3 119999859
+4 279999671
+2 79999906
-2 280000329
+2 80000094
+1 460
cfn=(702)
calls=92 317 
* 211852
* 92
+2 276
+2 92
+1 92
-53 368
+50 239999724
+2 79999908
+1 79999908
-53 325999632
-14 8000000
+73 2000000

fn=(700)
426 30000
+9 20000
+1 70000
+1 60000
+3 20000
+2 2400000
+2 3200000
+2 3342
+1 557
+2 1114
+1 1114
+1 4456
+1 2228
+1 501300
+1 111400
+1 111400
+1 222800
-4 226142
+7 7798
+1 4456
-11 4456
+14 2228
+6 1114
+1 552
+1 552
+1 1288
cob=(3)
cfi=(127)
cfn=(600)
calls=92 27 
* 121641
* 92
+1 368
+3 2325
+4 3195544
+3 798886
+2 1198329
+1 798886
+1 2396658
+1 3195544
-2 3195544
+6 400000
-52 1630000
+55 140000
+7 60
cob=(3)
cfi=(127)
cfn=(600)
calls=10 27 
* 5386
* 10
+1 20
+1 5200
cob=(3)
cfi=(127)
cfn=(600)
calls=400 27 
* 649573
* 400
-1 1630
+3 20
+1 20
+1 40
+1 7200
cob=(3)
cfi=(127)
cfn=(600)
calls=800 27 
* 1299333
* 800
+1 800
-2 3260
-1 80
+6 40
cob=(3)
cfi=(141)
cfn=(642)
calls=10 34 
* 390
* 10
+4 60
cob=(3)
cfi=(127)
cfn=(600)
calls=10 27 
* 5386
* 10
+1 60
cob=(3)
cfi=(127)
cfn=(600)
calls=10 27 
* 5386
* 10
+1 60
cob=(3)
cfi=(127)
cfn=(600)
calls=10 27 
* 5386
* 10
+1 60
cob=(3)
cfi=(127)
cfn=(600)
calls=10 27 
* 5386
* 10
+2 20
+1 60
+1 20
+1 10
+2 60
+1 60
+2 20
+1 40
+1 80
+1 80
+1 80
+1 80
+1 40
+1 80
+1 3200
+1 1
+1 3
+1 3
+1 3
+3 11
+3 11
+3 13
+1 6
+2 3
+5 400
+1 400
+1 400
+1 400
-25 1720
+27 120
+1 320
cob=(3)
cfi=(127)
cfn=(600)
calls=40 27 
* 65208
* 40
+2 120
+1 320
cob=(3)
cfi=(127)
cfn=(600)
calls=40 27 
* 65195
* 40
+2 280
cob=(3)
cfi=(127)
cfn=(600)
calls=40 27 
* 65364
* 40
+2 80
+1 4
+1 3
+3 8
cob=(3)
cfi=(127)
cfn=(600)
calls=1 27 
* 1960
* 1
* 1
+3 234
cob=(3)
cfi=(126)
cfn=(584)
calls=39 35 
* 5226
* 39
-49 220
-1 110
+55 40
cob=(3)
cfi=(141)
cfn=(642)
calls=10 34 
* 390
* 10
+1 40
cob=(3)
cfi=(141)
cfn=(642)
calls=10 34 
* 390
* 10
+1 40
cob=(3)
cfi=(141)
cfn=(642)
calls=10 34 
* 390
* 10
+1 40
cob=(3)
cfi=(141)
cfn=(642)
calls=10 34 
* 390
* 10
+2 10
+1 20
+1 3200
+1 1
-2 1630
+4 70
cob=(3)
cfi=(127)
cfn=(600)
calls=10 27 
* 8962
* 10
+2 10
+1 20
+1 40
+1 40
+1 80
+1 3200
+1 1
+1 1
-3 4
+3 399
-3 1716
+5 240
cob=(3)
cfi=(127)
cfn=(600)
calls=40 27 
* 21166
* 40
-7 220
-1 110
+11 40
cob=(3)
cfi=(141)
cfn=(642)
calls=10 34 
* 390
* 10
+5 20000

fn=(706)
618 3
+3 3
cob=(3)
cfi=(109)
cfn=(458)
calls=1 103 
* 602
* 1
* 1
+2 6
cob=(3)
cfi=(127)
cfn=(600)
calls=1 27 
* 796
* 1
+4 10
cob=(3)
cfi=(127)
cfn=(600)
calls=1 27 
* 1450
* 1
+1 9
cob=(3)
cfi=(127)
cfn=(600)
calls=1 27 
* 1453
* 1
+1 13
cob=(3)
cfi=(127)
cfn=(600)
calls=1 27 
* 4211
* 1
+1 13
cob=(3)
cfi=(127)
cfn=(600)
calls=1 27 
* 5479
* 1
+1 13
cob=(3)
cfi=(127)
cfn=(600)
calls=1 27 
* 5355
* 1
+1 9
cob=(3)
cfi=(127)
cfn=(600)
calls=1 27 
* 3192
* 1
+1 12
cob=(3)
cfi=(127)
cfn=(600)
calls=1 27 
* 4820
* 1
+1 7
cob=(3)
cfi=(127)
cfn=(600)
calls=1 27 
* 1008
* 1
+4 3
cob=(3)
cfi=(122)
cfn=(540)
calls=1 40 
* 519
* 1
+2 2

fn=(578)
644 3
+8 6
+1 4
+2 12
+1 12
+1 5
cob=(3)
cfi=(100)
cfn=(424)
calls=1 2876 
* 184
* 1
* 1
+1 3
+2 5
cob=(3)
cfi=(100)
cfn=(424)
calls=1 2876 
* 184
* 1
* 1
+1 5
cob=(3)
cfi=(100)
cfn=(424)
calls=1 2876 
* 184
* 1
* 1
+1 5
cob=(3)
cfi=(100)
cfn=(424)
calls=1 2876 
* 184
* 1
* 1
+1 5
cob=(3)
cfi=(100)
cfn=(424)
calls=1 2876 
* 184
* 1
* 1
+1 5
cob=(3)
cfi=(100)
cfn=(424)
calls=1 2876 
* 184
* 1
* 1
+2 1
+1 1
+1 2
+1 280
+1 14
+2 266
+1 14
+3 216
+2 320
+1 28
+2 288
+1 28
+3 192
+2 353
+1 3
+2 21
+2 6
-2 259
+2 308
+1 1
+2 7
+2 8
-2 273
+2 312
+1 120
+1 40
+1 300
+3 120
+1 40
+1 266
-37 163
+43 3
cob=(3)
cfi=(109)
cfn=(458)
calls=1 103 
* 490
* 1
* 1
+1 6
cob=(3)
cfi=(126)
cfn=(584)
calls=1 35 
* 403
cob=(1)
cfi=(51)
cfn=(204)
calls=1 34 
* 1143
* 5
+1 2
+1 520
cob=(3)
cfi=(127)
cfn=(600)
calls=40 27 
* 69423
cob=(1)
cfi=(51)
cfn=(204)
calls=1 34 
* 1151
* 44
-1 163
+2 6
cob=(3)
cfi=(126)
cfn=(584)
calls=1 35 
* 130
* 1
+2 6
cob=(3)
cfi=(126)
cfn=(584)
calls=1 35 
* 139
* 1
+1 2
+1 440
cob=(3)
cfi=(127)
cfn=(600)
calls=40 27 
* 21280
* 40
-1 163
+3 6
cob=(3)
cfi=(126)
cfn=(584)
calls=1 35 
* 140
* 1
+1 2
+1 440
cob=(3)
cfi=(127)
cfn=(600)
calls=40 27 
* 21340
* 40
-1 163
+3 6
cob=(3)
cfi=(126)
cfn=(584)
calls=1 35 
* 130
* 1
+2 6
cob=(3)
cfi=(126)
cfn=(584)
calls=1 35 
* 143
* 1
+1 2
+1 440
cob=(3)
cfi=(127)
cfn=(600)
calls=40 27 
* 21184
* 40
-1 163
+3 6
cob=(3)
cfi=(126)
cfn=(584)
calls=1 35 
* 143
* 1
+1 2
+1 440
cob=(3)
cfi=(127)
cfn=(600)
calls=40 27 
* 21208
* 40
-1 163
+3 6
cob=(3)
cfi=(126)
cfn=(584)
calls=1 35 
* 134
* 1
+3 3
cob=(3)
cfi=(122)
cfn=(540)
calls=1 40 
* 660
* 1
+4 8
cob=(3)
cfi=(100)
cfn=(424)
calls=1 2876 
* 178
* 1
* 1
+1 5
cob=(3)
cfi=(100)
cfn=(424)
calls=1 2876 
* 184
* 1
* 1
+1 5
cob=(3)
cfi=(100)
cfn=(424)
calls=1 2876 
* 193
* 1
* 1
+1 5
cob=(3)
cfi=(100)
cfn=(424)
calls=1 2876 
* 178
* 1
* 1
+1 5
cob=(3)
cfi=(100)
cfn=(424)
calls=1 2876 
* 184
* 1
* 1
+1 5
cob=(3)
cfi=(100)
cfn=(424)
calls=1 2876 
* 177
* 1
* 1
+1 5
cob=(3)
cfi=(100)
cfn=(424)
calls=1 2876 
* 184
* 1
* 1
+3 2
+1 2
+1 2
+1 3
+2 2
+1 240
+1 240
+1 80
+1 240
+1 80
-2 320
+4 80
+1 480
+1 160
-2 560
-7 163
+13 2
+1 200
+1 16000
+1 8000
-2 40400
-1 403
+9 6
+1 1
+1 2
+1 4
+1 2
-2 5
+4 3
+2 1
+1 2
+1 4
+1 700
+1 100
-2 610
-1 8
+6 3
+15 2

fn=(660)
903 40000
+1 10000
+3 20000
+1 60000
-1 80000
+8 3020000
fi=(124)
255 2000000
+2 4000000
+1 7983
cfi=(121)
cfn=(572)
calls=2661 509 
* 52871409
+1 5322
+2 29271
+1 2661
+34 10644
fe=(84)
916 13305
fi=(124)
261 10970729
+1 997339
+34 3989356
fe=(84)
916 4986695
+1 49759
+1 398072
+1 174153
+2 149280
+2 8000000
+1 5033600
+1 2013440
+3 3476480
+1 1489920
-14 4030000
+18 60000
+5 40000
+2 3
cob=(3)
cfi=(109)
cfn=(458)
calls=1 103 
* 724
* 1
* 1
+4 6
cob=(3)
cfi=(126)
cfn=(584)
calls=1 35 
* 408
* 1
+1 2
+1 16
cob=(3)
cfi=(127)
cfn=(600)
calls=2 27 
* 1094
* 2
-1 8
+2 6
cob=(3)
cfi=(126)
cfn=(584)
calls=1 35 
* 134
* 1
+3 6
cob=(3)
cfi=(126)
cfn=(584)
calls=1 35 
* 139
* 1
+1 2
+1 1100
cob=(3)
cfi=(127)
cfn=(600)
calls=100 27 
* 53206
* 100
-1 403
+2 6
cob=(3)
cfi=(126)
cfn=(584)
calls=1 35 
* 134
* 1
+4 2
+1 12
cob=(3)
cfi=(127)
cfn=(600)
calls=2 27 
* 1178
* 2
+1 4
+1 1500
cob=(3)
cfi=(127)
cfn=(600)
calls=100 27 
* 54574
* 100
-1 610
+2 12
cob=(3)
cfi=(126)
cfn=(584)
calls=2 35 
* 276
* 2
-4 8
+6 3
cob=(3)
cfi=(122)
cfn=(540)
calls=1 40 
* 535
* 1
+3 20000

fn=(646)
381 4
+3 5
cob=(3)
cfi=(100)
cfn=(424)
calls=1 2876 
* 184
* 1
* 1
+1 5
cob=(3)
cfi=(100)
cfn=(424)
calls=1 2876 
* 184
* 1
* 1
+3 2
+1 4
+1 4
+4 8
+6 122
fi=(124)
255 80
+2 160
+4 440
+1 40
+34 160
fe=(84)
401 40
+1 120
+6 120
+1 48
fi=(124)
255 12
+2 24
+4 66
+1 6
+34 24
fe=(84)
409 30
cob=(4)
cfi=(142)
cfn=(654)
calls=6 28 
* 943
cob=(1)
cfi=(51)
cfn=(204)
calls=1 34 
* 756
* 10
* 18
+1 54
+2 102
+5 238
+1 204
-18 163
+23 4

fn=(688)
1033 14000000
+9 6000000
+5 8020458
fi=(124)
234 4040916
+2 8081832
+1 15852
cfi=(121)
cfn=(572)
calls=5284 509 
* 104987796
+1 10568
+2 58124
+1 5284
fe=(84)
1050 26420
+1 15852
fi=(124)
240 22166914
+1 2015174
fe=(84)
1050 10075870
+1 6045522
+3 2000000
+1 4000000

fn=(666)
1278 240000
+1 20000
+2 20000
+1 60000
+1 520000
+2 40000
+1 1000000
+1 2000000
+2 80000000
+1 320000000
+1 80000000
-2 320000000
+4 320000000
cfn=(668)
calls=40000000 +68 
* 1088000638
* 120000000
+1 40000000
-7 163000000
+10 5000000
-12 4060000
+17 160000
cob=(7)
cfi=(144) /home/jacob/Downloads/gsl-2.1/statistics/minmax_source.c
cfn=(674) gsl_stats_max
calls=20000 24 
* 22381155
cob=(1)
cfi=(51)
cfn=(204)
calls=1 34 
* 716
* 20004
* 60000
+4 20000
+1 1809126
-1 864056
+5 120000
cob=(7)
cfi=(145) /home/jacob/Downloads/gsl-2.1/statistics/mean_source.c
cfn=(686) gsl_stats_mean
calls=20000 29 
* 12180000
cob=(1)
cfi=(51)
cfn=(204)
calls=1 34 
* 731
* 20004
* 40000
+1 40000
+3 100000
+2 40000
+1 5000000
+1 2000000
+1 3000000
+4 7000000
+1 1000000
-8 4060000
+13 40000
+9 40000
+1 100000

fl=(121)
fn=(534) setup_const
111 3
+1 4
fi=(125) /usr/lib/gcc/x86_64-linux-gnu/4.8/include/emmintrin.h
585 19
fe=(121)
114 5
fi=(125)
585 19
fe=(121)
116 5
fi=(125)
-39 5
fe=(121)
+40 5
fi=(125)
-40 5
fe=(121)
+41 1
+1 1
+1 1

fn=(530) initial_mask
428 1
+4 2
+1 2
+1 6112
-1 1148
+3 1

fn=(532) period_certification
442 1
+1 3
+9 5
+1 5
+2 4
+1 4
+1 2
+1 36
-1 20
+3 1
+2 2
+1 1
+18 1

fn=(528) idxof
64 2302
+1 2302
+1 2302

fn=(572)
509 63024
+4 157560
+1 283608
cfn=(574) do_recursion
calls=31512 129 
* 2489448
+2 63024
+2 4600752
-1 46007520
cfn=(574)
calls=2300376 129 
* 181729704
-1 6964152
+4 31512
+2 7373808
-1 73738080
cfn=(574)
calls=3686904 129 
* 291265416
-1 11123736
+4 157560
+1 63024

fn=(574)
129 30093960
+3 36112752
fi=(125)
1129 30093960
fe=(121)
133 6018792
+1 24075168
+1 30093960
fi=(125)
1266 18056376
fe=(121)
135 30093960
fi=(125)
1266 18056376
fe=(121)
136 24075168
fi=(125)
1194 30093960
fe=(121)
138 6018792
+1 24075168
fi=(125)
1248 18056376
fe=(121)
139 30093960
fi=(125)
1266 18056376
fe=(121)
140 30093960
fi=(125)
1266 18056376
fe=(121)
141 6018792
+1 18056376
+1 18056376
+1 12037584

fn=(526)
625 6
+5 3
+4 2
+1 2
cfn=(528)
calls=1 64 
* 3
* 6
+1 2
+1 2301
cfn=(528)
calls=767 64 
* 2301
* 3068
+1 3068
cfn=(528)
calls=767 64 
* 2301
* 6903
cfn=(528)
calls=767 64 
* 2301
* 5369
-1 3068
-1 2303

ob=(7)
fl=(77)
fn=(762)
0 8
cob=(3)
cfi=(149)
cfn=(748)
calls=1 31 
0 59
cob=(1)
cfi=(51)
cfn=(204)
calls=1 34 
0 1264
0 5
0 1
cfn=(774) 0x0000000000057730
calls=1 0 
0 9
0 3

fn=(320)
0 16

fn=(774)
0 9

fl=(145)
fn=(686)
29 80000
-3 40000
+5 2000000
-2 1000000
+2 1000000
-2 1000000
+2 7000000
-2 60000

ob=(8)
fl=(121)
fn=(526)
640 3
cfn=(530)
calls=1 428 
* 7266
+1 3
cfn=(532)
calls=1 442 
* 85
+1 2
+2 1
cfn=(534)
calls=1 111 
* 73

ob=(7)
fl=(144)
fn=(674)
24 120000
+6 20000
-3 60000
+3 40000
+2 20000
-2 3060000
+2 4900000
+5 2940000
cob=(3)
cfi=(131)
cfn=(608)
calls=980000 -10 
* 6860000
* 980000
* 60000
cob=(3)
cfi=(131)
cfn=(608)
calls=20000 -10 
* 140000
cob=(1)
cfi=(51)
cfn=(204)
calls=1 -3 
* 1151
* 20004
* 3000000

ob=(8)
fl=(121)
fn=(526)
646 4

ob=(7)
fl=(144)
fn=(674)
43 160000

ob=(2)
fl=(14)
fn=(760)
0 3

fn=(780)
0 3

fn=(258)
0 6

fn=(346)
0 6

fn=(292)
0 6

fn=(304)
0 6

fn=(734)
0 3

fn=(802)
0 3

fn=(316)
0 6

fn=(822)
0 3

totals: 8414463619
