version: 1
creator: callgrind-3.10.1
pid: 3673
cmd:  ./WindowMetrics -M1 p0.1 -P0.2 q0.1
part: 1


desc: I1 cache: 
desc: D1 cache: 
desc: LL cache: 

desc: Timerange: Basic block 0 - 1586772000776
desc: Trigger: Program termination

positions: line
events: Ir
summary: 11439527949037


ob=(4) /lib/x86_64-linux-gnu/libm-2.19.so
fl=(63) /build/eglibc-3GlaMS/eglibc-2.19/math/../sysdeps/x86_64/fpu/multiarch/s_floor.S
fn=(232) floor
25 1
cob=(3) /lib/x86_64-linux-gnu/libc-2.19.so
cfi=(43) /build/eglibc-3GlaMS/eglibc-2.19/csu/../sysdeps/x86_64/multiarch/init-arch.c
cfn=(210) __get_cpu_features
calls=1 200 
* 5
* 1
+1 1
+1 1
+1 1
+1 1
+2 1

fl=(64) /build/eglibc-3GlaMS/eglibc-2.19/math/../sysdeps/x86_64/fpu/multiarch/e_atan2.c
fn=(236) __atan2_finite
15 1
-15 1
fi=(59) ???
cob=(3)
cfi=(43)
cfn=(210)
calls=1 200 
0 5
fi=(59)
0 1
fe=(64)
0 8

fl=(145) /build/eglibc-3GlaMS/eglibc-2.19/math/../sysdeps/ieee754/dbl-64/e_log.c
fn=(662) __ieee754_log_avx
57 2082586736
+19 520646684
+1 520646684
+3 520646684
+10 520646684
-11 260323342
+16 520646684
+1 260323342
-1 260323342
+1 1301616710
+67 252517330
+1 252517330
-1 505034660
+1 505034660
-1 252517330
+1 252517330
-1 252517330
+1 252517330
+1 1010069320
+9 252517330
-3 252517330
+3 252517330
+14 252517330
-14 505034660
+1 505034660
+3 505034660
+4 252517330
-4 252517330
+14 252517330
-10 252517330
-4 757551990
+4 252517330
-4 505034660
+1 505034660
+3 505034660
+2 252517330
-2 252517330
+2 505034660
+8 252517330
+2 252517330
-12 757551990
+10 252517330
+1 252517330
+3 252517330
-13 252517330
+10 252517330
+1 252517330
+2 505034660
-2 252517330
+1 252517330
-10 252517330
-2 252517330
+13 252517330
-1 252517330
-10 252517330
+3 1262586650
+3 505034660
+5 1085641098
+1 3077404492
+1 368154128
+4 368154128
-4 552231192
+1 184077064
+3 1104462384
-4 136880532
+4 136880532
-4 205320798
+1 68440266
+3 410641596
+7 532845
+2 59205
-2 414435
+1 118410
-1 355230
+2 59205
-2 177615
+1 59205
+1 59205
-1 59205
+1 592050
+3 414435
+2 118410
-2 1302510
+2 118410
-2 296025
+2 532845
+3 59205
+1 59205
-1 59205
+1 177615
-1 236820
+1 592050
+1 1894560
+1 59205
-1 59205
+1 177615
-1 59205
+1 59205
-1 59205
+1 1184100
+1 236820
-1 118410
+1 592050
+1 118410
-1 59205
+1 651255
+3 532845
+26 2082586736
-57 1006003356
-29 144678699
+1 289357398
+29 273761064
+5 504975455
+21 355230
+1 355230
-27 986261223
-1 1097658902
96 780970026
228 59205
-1 118410
-16 88674
+13 266817
-1 266817
-3 266817
-4 285600
101 7806012
+1 15612024
-1 7806012
+2 7806012
-1 7806012
+1 7806012
-1 179538276
+1 117090180
+2 7806012
+9 7806012
-1 7806012
-8 7806012
+8 7806012
+4 7806012
-12 7806012
+12 7806012
-4 7806012
-7 15612024
+1 15612024
+1 15612024
+1 15612024
+1 15612024
+1 15612024
+1 15612024
+1 7806012
+4 7806012
-3 7806012
+3 46836072
+5 24366
+10 24366
-10 48732
+1 48732
+1 48732
+1 48732
+1 48732
+1 48732
+1 48732
+1 48732
+1 48732
+2 414222
+1 414222
+1 24366
-1 24366
+1 414222
-1 48732
+1 48732
-1 24366
+1 48732
+1 73098
-1 48732
+1 24366
-1 48732
+1 24366
-1 24366
+1 292392
+1 24366
-1 24366
+1 97464
-1 24366
+1 48732
-1 24366
+1 170562
+1 24366
-1 48732
+1 24366
-1 121830
+1 24366
-1 146196
+1 341124
+1 24366
-1 24366
+1 97464
-1 24366
+1 48732
-1 24366
+1 170562
+1 24366
-1 48732
+1 24366
-1 121830
+1 24366
-1 146196
+1 341124
+1 24366
-1 24366
+1 97464
-1 24366
+1 48732
-1 24366
+1 170562
+1 24366
-1 48732
+1 24366
-1 121830
+1 24366
-1 146196
+1 341124
+1 24366
-1 24366
+1 97464
-1 24366
+1 48732
-1 24366
+1 170562
+1 24366
-1 48732
+1 24366
-1 121830
+1 24366
-1 146196
+1 341124
+1 24366
-1 24366
+1 97464
-1 24366
+1 48732
-1 24366
+1 170562
+1 24366
-1 48732
+1 24366
-1 121830
+1 24366
-1 146196
+1 341124
+1 24366
-1 24366
+1 97464
-1 24366
+1 48732
-1 24366
+1 170562
+1 24366
-1 48732
+1 24366
-1 121830
+1 24366
-1 146196
+1 341124
+1 24366
-1 24366
+1 97464
-1 24366
+1 48732
-1 24366
+1 170562
+1 24366
-1 48732
+1 24366
-1 121830
+1 24366
-1 146196
+1 341124
+1 24366
-1 24366
+3 24366
-2 97464
-1 24366
+1 48732
-1 24366
+1 414222
+1 24366
-1 24366
+1 243660
+1 24366
-1 170562
-1 48732
+1 24366
-1 24366
+1 97464
+1 24366
-1 48732
+1 24366
-1 24366
+1 389856
+3 243660
+1 24366
-1 48732
-38 15587658
+16 146196
+8 146196
+4 146196
-8 146196
+15 146196
-3 146196

fl=(55) /build/eglibc-3GlaMS/eglibc-2.19/math/../sysdeps/x86_64/fpu/multiarch/s_ceilf.S
fn=(216) ceilf
25 1
cob=(3)
cfi=(43)
cfn=(210)
calls=1 200 
* 5
* 1
+1 1
+1 1
+1 1
+1 1
+2 1

fl=(61) /build/eglibc-3GlaMS/eglibc-2.19/math/../sysdeps/x86_64/fpu/multiarch/e_asin.c
fn=(228) __acos_finite
10 2
cob=(3)
cfi=(43)
cfn=(210)
calls=1 200 
* 5
* 1
* 5

fn=(234) __asin_finite
14 2
cob=(3)
cfi=(43)
cfn=(210)
calls=1 200 
* 5
* 1
* 5

fl=(60) /build/eglibc-3GlaMS/eglibc-2.19/math/../sysdeps/x86_64/fpu/multiarch/s_rintf.S
fn=(226) rintf
25 1
cob=(3)
cfi=(43)
cfn=(210)
calls=1 200 
* 5
* 1
+1 1
+1 1
+1 1
+1 1
+2 1

fl=(58) /build/eglibc-3GlaMS/eglibc-2.19/math/../sysdeps/x86_64/fpu/multiarch/e_log.c
fn=(222) __log_finite
15 1
-15 1
fi=(59)
cob=(3)
cfi=(43)
cfn=(210)
calls=1 200 
0 5
fi=(59)
0 1
fe=(58)
0 8

fl=(54) /build/eglibc-3GlaMS/eglibc-2.19/math/../sysdeps/x86_64/fpu/multiarch/s_rint.S
fn=(214) rint
25 1
cob=(3)
cfi=(43)
cfn=(210)
calls=1 200 
* 5
* 1
+1 1
+1 1
+1 1
+1 1
+2 1

fl=(57) /build/eglibc-3GlaMS/eglibc-2.19/math/../sysdeps/x86_64/fpu/multiarch/e_pow.c
fn=(220) __pow_finite
8 2
cob=(3)
cfi=(43)
cfn=(210)
calls=1 200 
* 5
* 1
* 5

fl=(144) /build/eglibc-3GlaMS/eglibc-2.19/math/w_log.c
fn=(658) log
28 780970026
+14 260323342
cfi=(145)
cfn=(662)
calls=260323342 +15 
* 39701243615
* 260323342

fl=(56) /build/eglibc-3GlaMS/eglibc-2.19/math/../sysdeps/x86_64/fpu/multiarch/s_ceil.S
fn=(218) ceil
25 1
cob=(3)
cfi=(43)
cfn=(210)
calls=1 200 
* 5
* 1
+1 1
+1 1
+1 1
+1 1
+2 1

fl=(62) /build/eglibc-3GlaMS/eglibc-2.19/math/../sysdeps/x86_64/fpu/multiarch/s_floorf.S
fn=(230) floorf
25 1
cob=(3)
cfi=(43)
cfn=(210)
calls=1 200 
* 5
* 1
+1 1
+1 1
+1 1
+1 1
+2 1

fl=(50) /build/eglibc-3GlaMS/eglibc-2.19/math/../sysdeps/x86_64/fpu/multiarch/e_exp.c
fn=(196) __exp_finite
15 2
cob=(3)
cfi=(43)
cfn=(210)
calls=1 200 
* 5
cob=(1) /lib/x86_64-linux-gnu/ld-2.19.so
cfi=(51) /build/eglibc-3GlaMS/eglibc-2.19/elf/../sysdeps/x86_64/dl-trampoline.S
cfn=(204) _dl_runtime_resolve
calls=1 +19 
* 1354
* 5
* 8

fl=(53) /build/eglibc-3GlaMS/eglibc-2.19/math/../sysdeps/x86_64/fpu/multiarch/s_sin.c
fn=(240) sin
24 1
-24 1
fi=(59)
cob=(3)
cfi=(43)
cfn=(210)
calls=1 200 
0 5
fi=(59)
0 1
fe=(53)
0 8

fn=(212) cos
20 2
cob=(3)
cfi=(43)
cfn=(210)
calls=1 200 
* 5
* 1
* 8

fl=(59)
fn=(296) 0x00000000000059d0
0 16

ob=(1)
fl=(38) /build/eglibc-3GlaMS/eglibc-2.19/string/wordcopy.c
fn=(140) _wordcopy_fwd_aligned
38 6
+80 1
+4 1
-3 1
+6 2
-84 1
+3 1
-2 1
+1 1
+2 1
+85 2

fl=(31) /build/eglibc-3GlaMS/eglibc-2.19/elf/dl-misc.c
fn=(100) _dl_name_match_p
288 1125
+1 450
cfi=(17) /build/eglibc-3GlaMS/eglibc-2.19/string/../sysdeps/x86_64/multiarch/../strcmp.S
cfn=(50) strcmp
calls=225 131 
* 1582
* 225
+1 225
-1 225
+3 225
+2 450
+4 223
-4 446
+1 711
cfi=(17)
cfn=(50)
calls=237 131 
* 4872
* 474
-5 14
+11 281
-1 211
+1 844

fn=(132) _dl_sysdep_read_whole_file
45 1
+7 1
-7 3
+7 1
-7 1
+1 1
-1 2
+7 1
cfi=(23) /build/eglibc-3GlaMS/eglibc-2.19/io/../sysdeps/unix/syscall-template.S
cfn=(104) open
calls=1 +29 
* 5
+1 1
-1 1
+1 1
+2 4
cfi=(32) /build/eglibc-3GlaMS/eglibc-2.19/io/../sysdeps/unix/sysv/linux/wordsize-64/fxstat.c
cfn=(112) _fxstat
calls=1 -21 
* 10
* 2
+2 1
+3 1
-3 1
+3 1
+13 2
cfi=(23)
cfn=(118) close
calls=1 +8 
* 5
+3 7
-14 6
cfi=(25) /build/eglibc-3GlaMS/eglibc-2.19/misc/../sysdeps/unix/syscall-template.S
cfn=(68) mmap
calls=1 +19 
* 6
* 2

fl=(36) /build/eglibc-3GlaMS/eglibc-2.19/elf/dl-tls.c
fn=(156) _dl_allocate_tls_storage
328 1
+13 1
-13 2
+2 1
+11 2
cfi=(15) /build/eglibc-3GlaMS/eglibc-2.19/elf/dl-minimal.c
cfn=(40) __libc_memalign
calls=1 51 
* 51
* 1
+1 1
-1 1
+1 1
+7 1
+4 306
-58 1
+1 1
-1 1
+1 2
cfi=(15)
cfn=(32) calloc
calls=1 102 
* 43
* 1
+1 2
+9 1
-6 1
+6 1
+64 5

fn=(194) _dl_add_to_slotinfo
831 3
+9 1
-9 1
+6 2
+8 5
+41 1
+1 3
+1 4

fn=(136) _dl_next_tls_modid
50 1
+3 3
+48 2
+4 2

fn=(244) _dl_allocate_tls_init
376 7
+1 1
-1 1
+1 1
+4 2
+3 1
-1 1
-2 1
+8 3
+5 7
+6 7
+22 2
+1 4
+2 2
+9 1
-8 1
+8 2
-8 1
+8 1
+1 1
+1 3
cfi=(24) /build/eglibc-3GlaMS/eglibc-2.19/string/../sysdeps/x86_64/memcpy.S
cfn=(66) mempcpy
calls=1 61 
* 23
* 5
cfi=(26) /build/eglibc-3GlaMS/eglibc-2.19/string/../sysdeps/x86_64/rtld-memset.S
cfn=(70) memset
calls=1 30 
* 166
* 3
-42 5
+6 2
+3 1
+1 2
+6 1
+3 1
-3 2
+3 1
-1 2
+38 2
+2 1
+1 8

fn=(154) _dl_determine_tlsoffset
112 7
+6 3
+3 2
+36 1
-34 1
+34 2
+2 3
-2 1
-2 1
-40 1
-1 1
-1 2
+44 6
+5 1
-1 1
+5 2
-4 1
-1 1
+7 1
-7 1
+3 2
+2 1
+2 1
-2 2
+16 5
+2 1
+1 1
-1 2
+10 1
-12 4
+15 4
+1 1
+51 1
+1 8

fl=(23)
fn=(64) access
81 24
+2 30

fn=(106) read
81 20
+1 5

fn=(118)
81 24
+1 6

fn=(104)
81 52
+1 6
+1 35

fl=(29) /build/eglibc-3GlaMS/eglibc-2.19/elf/dl-error.c
fn=(142) _dl_receive_error
205 10
+1 1
cfi=(2) /build/eglibc-3GlaMS/eglibc-2.19/elf/rtld.c
cfn=(92) _dl_initial_error_catch_tsd
calls=1 798 
* 2
+5 1
-1 1
-4 1
+9 1
+2 1
-3 1
+3 1
cfi=(2)
cfn=(144) version_check_doit
calls=1 657 
* 8236
+2 1
+1 1
+1 8

fn=(90) _dl_catch_error
163 22
+15 11
-3 22
+1 22
-13 22
+14 22
+1 11
+2 11
cfi=(2)
cfn=(92)
calls=11 798 
* 22
+2 11
-1 11
+4 11
-5 11
+2 11
+3 11
-4 11
+4 11
cfi=(30) /build/eglibc-3GlaMS/eglibc-2.19/setjmp/../sysdeps/x86_64/setjmp.S
cfn=(94) __sigsetjmp
calls=11 26 
* 209
* 33
+2 33
cfi=(33) /build/eglibc-3GlaMS/eglibc-2.19/elf/dl-deps.c
cfn=(122) openaux
calls=10 60 
* 23785
cfi=(2)
cfn=(96) map_doit
calls=1 625 
* 2458
+1 22
+2 11
+1 11
-3 11
+1 22
+1 11
+1 11
+8 44

fl=(27) /build/eglibc-3GlaMS/eglibc-2.19/string/../sysdeps/x86_64/multiarch/../strchr.S
fn=(72) index
24 18
+1 18
+1 18
+1 18
+1 18
+1 18
+1 18
+1 18
+1 18
+1 18
+1 18
+1 18
+1 18
+1 18
+1 18
+1 18
+1 18
+1 14
+4 14
+1 14
+1 14
+1 14
+2 14
+4 4
+1 4
+1 4
+1 4
+1 4
+1 4
+1 4
+1 4
+1 4
+1 4
+1 4
+1 4
+1 4
+1 4
+1 4
+1 4
+1 4
+1 4
+1 4
+1 4
+1 4
+1 4
+1 4
+1 4
+52 4
+4 4
+1 4
+1 4
+1 4
+2 4

fl=(11) /build/eglibc-3GlaMS/eglibc-2.19/elf/dl-environ.c
fn=(24) _dl_next_ld_env_entry
30 3
+3 11
+2 122
+11 59
-13 177
-2 1
+19 1
-14 22
+5 2
-3 2
+3 2
+2 2

fl=(35) /build/eglibc-3GlaMS/eglibc-2.19/elf/dl-cache.c
fn=(130) _dl_load_cache_lookup
182 32
+8 8
+3 12
+45 12
+6 12
+9 4
+6 8
-6 12
+6 4
cfi=(23)
cfn=(64)
calls=4 81 
* 36
* 4
+4 4
-10 4
+10 12
+15 547
cfn=(134) _dl_cache_libcmp
calls=34 138 
* 3003
* 174
-82 4
cfi=(31)
cfn=(132)
calls=1 45 
* 67
+8 1
-8 1
+8 4
+1 4
cfi=(12) /build/eglibc-3GlaMS/eglibc-2.19/string/../string/memcmp.c
cfn=(26) bcmp
calls=1 315 
* 112
* 2
+7 1
-3 1
+3 3
+3 1
+1 2
-1 1
+1 1
+1 3
cfi=(12)
cfn=(26)
calls=1 +98 
* 111
* 2
+2 2
+59 54
cfn=(134)
calls=1 138 
* 86
* 12
cfn=(134)
calls=4 138 
* 487
* 18
-14 16
+14 4
-14 8
-1 12
+15 84
+16 8
+5 36
-21 12

fn=(134)
138 117
+1 88
+2 482
+2 241
-2 241
+2 12
+6 6
+2 6
-1 6
-1 6
+1 6
-1 6
+2 20
+1 6
-1 8
+2 31
+1 3
-1 4
+2 12
+1 2
+16 2
-11 470
+2 874
+4 202
+1 202
-29 404
+32 10
+1 10
-8 33
+8 66

fn=(248) _dl_unload_cache
309 4
-1 1
+3 2
cfi=(25)
cfn=(250) munmap
calls=1 81 
* 5
+1 1
+2 2

fl=(1) ???
fn=(0) 0x00000000000012d0
0 2
cfi=(2)
cfn=(2) _dl_start
calls=1 362 
0 246504
0 14
cfi=(65) /build/eglibc-3GlaMS/eglibc-2.19/elf/dl-init.c
cfn=(254) _dl_init
calls=1 86 
0 1774
0 3
cob=(8) /home/jacob/Documents/divergence-metrics-master/WindowMetrics
cfi=(78) ???
cfn=(330) 0x0000000000400c20
calls=1 0 
0 11439527700740

fl=(24)
fn=(66)
61 27
+4 27
+3 24
+1 24
+2 10
+1 10
+2 10
+1 10
+5 10
+1 10
-1 14
+1 14
+2 14
+1 14
+2 14
+1 14
+5 14
+1 14
-1 10
+1 10
+2 10
+1 10
+2 10
+1 10
+5 10
+1 10
-1 14
+1 14
+2 13
+1 13
+2 13
+1 26
+5 13
+1 13
-1 11
+1 15
+5 4
+1 4
+1 4
+1 4
+2 4
+2 4
+1 4
+2 4
+6 24
+4 24
+12 4
+2 4
+1 4
+26 4
+1 4
+3 4
+1 4
+1 4
+5 4
+2 4
+1 4
+1 4
+1 4
+2 4
+1 4
+1 4
+1 4
+2 4
+1 4
+2 4
+22 4
+2 4
+2 3
+7 3

fl=(32)
fn=(112)
34 6
-1 6
+1 6
+1 36
+4 6

fl=(104) /build/eglibc-3GlaMS/eglibc-2.19/elf/dl-open.c
fn=(436) _dl_find_dso_for_object
182 5
+1 4
+1 24
+1 2
+3 2
+4 1
-9 15

fl=(8) /build/eglibc-3GlaMS/eglibc-2.19/elf/../sysdeps/unix/sysv/linux/x86_64/brk.c
fn=(14) brk
31 1
-3 1
+3 6
+8 1
-6 2
+7 1

fl=(10) /build/eglibc-3GlaMS/eglibc-2.19/elf/../misc/sbrk.c
fn=(20) sbrk
34 4
+8 6
+4 2
+11 5

fl=(37) /build/eglibc-3GlaMS/eglibc-2.19/string/../string/memmove.c
fn=(138) memmove
49 2
+6 2
-6 2
+6 2
-6 6
+6 4
+8 8
+3 4
+1 1
-1 1
+1 1
+12 14
+6 4
-6 1
+6 24
+31 10
-37 1
cfi=(38)
cfn=(140)
calls=1 -41 
* 18
* 2

fl=(17)
fn=(50)
131 657
+1 657
+1 657
+1 332
+1 332
+1 332
+1 332
cfn=(51) strcmp'2
calls=332 -6 
* 16403
+5 325
+1 325
+1 325
+1 325

fn=(51)
131 2291
+1 2291
+1 2291
+1 2142
+1 2142
+1 2142
+1 2142
cfn=(51)
calls=1959 -6 
* 75299
+2 183
+1 183
+2 149
+1 149
+1 149
+1 149

fl=(41) /build/eglibc-3GlaMS/eglibc-2.19/elf/dl-reloc.c
fn=(162) _dl_relocate_object
154 70
+15 7
-15 14
+15 7
+1 28
+6 14
+6 21
-18 14
+22 14
+7 14
-32 7
+77 7
fi=(5) /build/eglibc-3GlaMS/eglibc-2.19/elf/../sysdeps/x86_64/dl-machine.h
71 7
fe=(41)
238 14
fi=(5)
71 21
fe=(41)
264 324
-99 30
fi=(5)
276 48
fe=(41)
-12 6
fi=(4) /build/eglibc-3GlaMS/eglibc-2.19/elf/do-rel.h
48 6
fe=(41)
264 6
fi=(4)
58 6
fe=(41)
264 6
fi=(4)
47 12
+11 12
fe=(41)
264 1
-99 5
fi=(5)
276 8
fe=(41)
-12 1
fi=(4)
48 1
fe=(41)
264 1
fi=(4)
58 1
fe=(41)
264 1
fi=(4)
47 2
+11 2
fe=(41)
264 7
fi=(4)
48 7
fe=(41)
264 7
fi=(4)
58 7
fe=(41)
264 7
fi=(4)
47 14
+11 14
+3 24
fi=(5)
503 2730
+4 2730
+2 4095
+1 1365
fi=(4)
61 4146
+2 4152
+2 61
-4 6
+13 12
+1 10
+1 38
fi=(5)
503 19
+24 19
fi=(4)
75 19
fi=(5)
527 19
+2 19
cob=(4)
cfi=(53)
cfn=(240)
calls=1 24 
* 16
cob=(4)
cfi=(64)
cfn=(236)
calls=1 15 
* 16
cob=(4)
cfi=(61)
cfn=(234)
calls=1 14 
* 13
cob=(4)
cfi=(63)
cfn=(232)
calls=1 25 
* 12
cob=(4)
cfi=(62)
cfn=(230)
calls=1 25 
* 12
cob=(4)
cfi=(61)
cfn=(228)
calls=1 10 
* 13
cob=(4)
cfi=(60)
cfn=(226)
calls=1 25 
* 12
cob=(4)
cfi=(58)
cfn=(222)
calls=1 15 
* 16
cob=(4)
cfi=(57)
cfn=(220)
calls=1 8 
* 13
cob=(4)
cfi=(56)
cfn=(218)
calls=1 25 
* 12
cob=(4)
cfi=(55)
cfn=(216)
calls=1 25 
* 12
cob=(4)
cfi=(54)
cfn=(214)
calls=1 25 
* 12
cob=(4)
cfi=(53)
cfn=(212)
calls=1 20 
* 16
cob=(4)
cfi=(50)
cfn=(196)
calls=1 15 
* 1374
cob=(3)
cfi=(48) /build/eglibc-3GlaMS/eglibc-2.19/string/../sysdeps/x86_64/multiarch/memmove.c
cfn=(190) memcpy@GLIBC_2.2.5
calls=1 49 
* 13
cob=(3)
cfi=(47) /build/eglibc-3GlaMS/eglibc-2.19/time/../sysdeps/unix/sysv/linux/x86_64/gettimeofday.c
cfn=(186) gettimeofday
calls=1 31 
* 68
cob=(3)
cfi=(42) /build/eglibc-3GlaMS/eglibc-2.19/string/../sysdeps/x86_64/multiarch/strcmp.S
cfn=(184) strncasecmp
calls=1 140 
* 6
cob=(3)
cfi=(44) /build/eglibc-3GlaMS/eglibc-2.19/time/../sysdeps/unix/sysv/linux/x86_64/time.c
cfn=(178) time
calls=1 37 
* 68
cob=(3)
cfi=(42)
cfn=(174) strcasecmp
calls=1 114 
* 100
fi=(4)
75 19
fi=(5)
530 19
fi=(4)
75 23
fe=(41)
264 6
fi=(4)
75 12
fe=(41)
264 36
+3 21
+28 7
+3 14
+17 21
+2 56
fi=(4)
84 8
+2 16
+12 8
-15 8
+15 8
-15 8
+15 8
+10 12
+3 17
fi=(5)
487 5
fi=(4)
112 10
fi=(5)
487 2264
fi=(4)
112 4508
fi=(5)
487 4508
+5 4518
+1 4518
fi=(4)
111 4518
fi=(5)
493 2259
fi=(4)
111 2259
+7 24
+3 7
+3 7
-3 7
+3 7
fi=(5)
422 6
fi=(4)
50 6
fi=(5)
422 6
fi=(4)
51 6
fi=(5)
422 24
fi=(4)
127 828
+9 414
+3 414
fi=(5)
244 207
fi=(4)
138 207
-2 207
+1 828
fi=(5)
244 207
+21 414
+4 414
+7 4262
fi=(4)
137 186
+1 186
fi=(5)
276 372
fi=(4)
137 186
fi=(5)
276 586
fi=(4)
137 7
+1 7
fi=(5)
276 14
fi=(4)
137 7
fi=(5)
276 2530
cfi=(6) /build/eglibc-3GlaMS/eglibc-2.19/elf/dl-lookup.c
cfn=(168) _dl_lookup_symbol_x
calls=193 714 
* 126454
* 965
+2 588
+3 193
-3 386
+3 579
+6 1449
fe=(41)
183 14
+81 5
fi=(5)
77 12
+4 18
+14 6
-8 6
+8 12
+13 12
+3 24
410 576
fi=(4)
124 645
+19 12
fi=(5)
276 33
382 33
+4 55
+5 55
-71 2
+1 3
449 9
+4 18
cfi=(16) /build/eglibc-3GlaMS/eglibc-2.19/string/../sysdeps/x86_64/multiarch/../memcpy.S
cfn=(42) memcpy
calls=3 61 
* 54
+2 9
+1 3
fi=(4)
108 3
fe=(41)
323 14
+1 7
+1 7
-1 7
-1 14
+2 7
+3 14
+1 21
cfi=(25)
cfn=(114) mprotect
calls=7 81 
* 35
* 14
fi=(4)
160 8
+2 20
+8 10
+1 5
-1 5
+1 5
fi=(5)
+73 5
fi=(4)
-74 10
fi=(5)
+74 5
+21 10
+4 10
+7 135
cfi=(6)
cfn=(168)
calls=5 714 
* 3209
* 20
+2 15
+3 1
-3 2
+3 3
+6 35
410 15
fi=(4)
160 15
+14 5
fi=(5)
276 86
fe=(41)

fl=(25)
fn=(68)
81 80
+1 16

fn=(114)
81 48
+1 12

fn=(250)
81 4
+1 1

fl=(6)
fn=(172) check_match.9458
131 1400
+1 400
+2 400
+2 600
-2 400
+12 600
+3 572
cfi=(17)
cfn=(50)
calls=43 -18 
* 3068
* 86
+5 200
-1 200
+1 200
-1 200
+1 200
+2 220
+19 220
+1 880
+46 1400
-18 180
+2 180
+1 270
-1 180
+1 90
-1 180
-29 330
cfi=(17)
cfn=(50)
calls=110 -46 
* 9558
* 220

fn=(10) _dl_setup_hash
859 21
+4 7
+4 14
+2 7
-1 7
+3 21
+1 7
+1 14
+3 7
-1 7
-2 7
+3 7
+4 14
-2 7
+1 7
+1 14
+1 7

fn=(168)
714 2616
476 218
714 436
476 654
-1 436
+2 218
-1 218
+1 654
-1 654
+1 3046
-1 3046
+1 9138
-1 9574
716 218
+4 218
+4 218
-8 218
+1 436
+7 438
+5 218
+2 436
-2 218
+6 1744
+2 2834
cfn=(170) do_lookup_x
calls=218 82 
* 103452
+3 436
+3 18
-8 72
-7 436
+38 436
+22 200
+1 1400
+26 200
+9 1000
+14 600
+3 800
+5 200
+2 1744
-9 2
-71 126
+16 18
+1 36

fn=(170)
82 1962
+1 218
-6 218
+5 654
-5 1526
+12 218
229 218
+3 436
-3 218
+3 436
98 218
-3 218
+1 218
+2 218
+3 218
-3 218
+3 218
-3 894
-3 894
+1 894
+2 894
+3 894
-3 894
+3 894
+4 2260
+4 2218
+4 2218
+6 3327
+4 2218
+1 3327
225 1109
+1 2218
+4 2218
-2 1109
+5 4436
+4 2218
-1 2218
+1 1109
-1 2218
+21 909
+24 1818
461 4260
+1 670
cfi=(31)
cfn=(100)
calls=134 288 
* 6957
* 804
+3 2736
+3 36
286 1548
+4 439
+13 200
+1 200
-1 200
+1 200
+1 200
469 1744
240 968
-1 484
+2 484
+2 708
+10 729
-7 2215
+2 400
+1 800
-1 400
+1 200
-1 800
+1 600
cfn=(172)
calls=200 131 
* 22434
+1 1000

fl=(39) /build/eglibc-3GlaMS/eglibc-2.19/elf/dl-version.c
fn=(146) _dl_check_all_versions
380 6
+4 4
-2 2
+4 49
cfn=(148) _dl_check_map_versions
calls=7 174 
* 8109
-2 7
+2 21
-1 7
-1 14
+5 7

fn=(148)
174 63
+15 7
-15 14
+15 14
+2 7
+3 7
-3 7
+2 7
+1 7
+2 7
-3 7
+3 7
+3 20
+4 30
+17 5
56 5
220 5
56 5
220 5
56 25
220 3
56 3
220 3
56 3
220 3
56 15
+1 32
-1 64
+2 120
cfi=(31)
cfn=(100)
calls=40 288 
* 2508
* 88
228 24
+5 56
+19 8
-15 200
cfn=(150) match_symbol
calls=3 76 
* 469
* 39
cfn=(150)
calls=13 76 
* 2288
* 16
+7 64
+3 56
+9 32
+5 3
+1 3
-79 2
-8 2
+95 21
+3 9
+10 30
-7 120
+3 90
-3 12
+3 9
+8 7
+86 7
-86 7
+87 8
-81 24
cfi=(15)
cfn=(32)
calls=6 102 
* 279
* 6
+1 6
-2 6
+2 6
+11 6
-3 6
+3 12
+2 18
+3 20
+4 24
+18 8
-15 24
+2 24
-2 24
+2 24
+2 16
+1 16
-1 32
+1 16
-1 16
+1 16
+1 16
-2 16
+2 32
+1 48
+3 48
+8 24
+5 3
+1 3
+4 18
+3 12
+20 30
-14 30
-2 30
+2 33
-2 3
+2 3
+4 30
+2 30
-1 60
+1 30
-1 90
+1 30
+1 30
+3 99
+10 6
-1 6
+1 42

fn=(150)
76 176
+9 16
-8 16
-1 32
+1 16
+8 16
+6 48
+15 16
+1 32
+2 16
+5 32
+14 214
+12 273
+4 91
-30 182
+16 16
+3 64
cfi=(17)
cfn=(50)
calls=16 -2 
* 1341
* 32
+35 128

fl=(13) /build/eglibc-3GlaMS/eglibc-2.19/elf/dl-object.c
fn=(44) _dl_add_to_namespace_list
32 12
+2 6
-2 18
+2 6
cfi=(2)
cfn=(46) rtld_lock_default_lock_recursive
calls=6 838 
* 12
+2 43
+4 15
-1 60
+2 5
+2 5
+4 5
+4 5
-4 10
+1 10
+1 10
+2 5
+1 15
-1 5
cfi=(2)
cfn=(48) rtld_lock_default_unlock_recursive
calls=5 844 
* 10
-4 1
+4 1
-4 2
+1 2
+1 2
+2 1
+1 3
-1 1
cfi=(2)
cfn=(48)
calls=1 844 
* 2
-5 2

fn=(28) _dl_new_object
61 84
+1 6
cfi=(9) /build/eglibc-3GlaMS/eglibc-2.19/string/../sysdeps/x86_64/multiarch/../rtld-strlen.S
cfn=(18) strlen
calls=6 -36 
* 322
+6 6
-6 24
+6 66
+7 24
cfi=(15)
cfn=(32)
calls=6 +27 
* 284
* 6
+3 6
-3 6
+3 6
+4 6
+5 12
-6 6
+6 6
-5 6
+4 12
+1 6
cfi=(16)
cfn=(42)
calls=6 -26 
* 164
* 6
+10 12
-8 6
+9 6
-1 12
+1 12
-1 6
+1 12
+3 6
-3 6
+3 6
+9 6
-7 6
+4 6
+3 11
+2 2
-2 2
+2 30
-2 30
+12 6
+6 6
-5 6
-1 6
+6 18
-2 6
+2 12
+2 15
+3 13
+4 15
+4 15
+2 1
+6 1
+3 2
+3 5
-3 10
+3 25
+2 5
+4 5
-4 5
cfi=(9)
cfn=(18)
calls=5 26 
* 322
* 10
+4 5
-4 5
+4 15
+64 10
+4 48
-88 15
-39 13
+39 3
+70 15
cfi=(24)
cfn=(66)
calls=5 61 
* 155
* 5
+5 80
+1 80
-1 80
+1 85
-1 5
+1 15
+5 10
-57 10
cfi=(15)
cfn=(36) malloc
calls=5 -72 
* 170
* 5
+1 5
-1 5
+1 15

fl=(20) /build/eglibc-3GlaMS/eglibc-2.19/posix/../sysdeps/unix/syscall-template.S
fn=(58) uname
81 4
+1 1

fl=(19) /build/eglibc-3GlaMS/eglibc-2.19/elf/../sysdeps/unix/sysv/linux/dl-sysdep.c
fn=(56) _dl_discover_osversion
45 7
+2 3
+85 8
-45 3
cfi=(20)
cfn=(58)
calls=1 -6 
* 5
* 1
+15 1
-15 1
+20 1
-1 1
+3 12
+4 3
-2 6
+2 10
+2 1
+1 2
-3 4
+7 3
-1 3
+4 3
-2 3
+2 10
+5 2

fl=(30)
fn=(94)
26 11
+9 11
+1 22
+1 11
+4 11
+1 11
+1 11
+1 11
+1 11
+2 22
+2 11
+1 11
+3 22
+2 11
+4 11
+1 11

fl=(34) /build/eglibc-3GlaMS/eglibc-2.19/io/../sysdeps/unix/sysv/linux/wordsize-64/xstat.c
fn=(128) _xstat
34 4
-1 4
+1 4
+1 24
+4 1
-4 12

fl=(51)
fn=(204)
34 20
+2 20
+1 20
+1 20
+1 20
+1 20
+1 20
+1 20
+1 20
+1 20
+1 20
cfi=(52) /build/eglibc-3GlaMS/eglibc-2.19/elf/../elf/dl-runtime.c
cfn=(206) _dl_fixup
calls=20 +21 
* 21277
+1 20
+1 20
+1 20
+1 20
+1 20
+1 20
+1 20
+1 20
+1 20
+2 20

fl=(9)
fn=(18)
26 25
+1 25
+1 25
+1 25
+2 13
+1 13
+2 13
+1 13
-1 45
+1 45
+1 57
+1 57
+1 57
+2 48
+5 24
+1 24
+1 24
+1 24
+3 24
-6 4
+1 4
+1 4
+1 4
+3 4
+1 27
+1 27
+1 27
+2 27
+3 23
+1 23
+1 23
+1 23
+3 23
+1 15
+1 15
+1 15
+2 15
+3 12
+1 12
+1 12
+1 12
+3 12
+1 12
+1 12
+1 12
+2 12
+3 11
+1 11
+1 11
+1 11
+3 11
+1 6
+1 6
+1 6
+2 8
+3 2
+2 2
+1 2
-3 22
+2 22
+1 22
+1 24
+2 24
+1 24
+1 21
+2 21
+1 21
+1 18
+2 18
+1 18
+1 15
+2 15
+2 15
+1 15
+1 14
+2 14
+1 14
+1 11
+2 11
+1 11
+1 8
+2 8
+1 8
-1 17
+1 17

fl=(15)
fn=(76) strsep
338 8
+2 4
+1 8
+4 132
+7 366
-2 244
+10 61
-15 185
+18 2
+4 4

fn=(40)
51 148
+1 183
+11 36
+1 36
-1 36
+3 36
-3 36
+3 72
-3 1
+1 1
-1 1
+3 1
-3 1
+3 134
+4 16
+1 12
+6 28
cfi=(25)
cfn=(68)
calls=4 +4 
* 24
+2 20
+4 12
+3 4
+1 4
+2 20
-3 33
+1 33
+2 264
-31 3
+1 1
-2 3

fn=(82) free
121 1
-2 2
+2 1
+7 2

fn=(32)
102 14
+7 42
-3 14
+3 28
+4 14
cfn=(36)
calls=14 -20 
* 523
* 14

fn=(36)
93 36
+1 72
cfn=(40)
calls=36 -43 
* 1148
* 36

fl=(26)
fn=(70)
30 16
+1 16
+1 16
+1 3136
+1 16
+1 16

fl=(12)
fn=(26)
315 22
+3 22
-3 110
+4 22
-4 22
+7 44
+4 24
+2 1
+1 1
+1 1
+1 1
+2 2
-5 1
+1 1
+1 1
+1 1
+2 2
+2 2
-9 6
+16 8
+1 16
-1 16
129 35
-18 15
346 10
+4 3
+2 3
-2 6
+1 3
+5 34
+2 15
+1 15
+1 15
+3 165
-3 93
-2 93
+1 93
+4 186
-7 214
+12 16
+1 176
228 3
-7 3
+1 3
+4 3
+2 3
-6 3
+4 3
+2 15
-95 5
+1 5
+1 5
+1 5
+1 5
+48 5
-2 5
+1 5
+1 35
-80 5
+1 10
+4 10
-5 20
+1 40
+4 45
234 3
+2 3
-4 3
+1 3
+4 3
-2 3
+56 6
-2 3
+2 6
-1 3
+1 6
+1 6
+12 18
+1 6
-6 6

fl=(33)
fn=(120) _dl_map_object_deps
147 1
+1 1
-1 2
+1 1
-1 1
+1 1
-1 1
+1 2
-1 5
+1 1
-1 1
+1 2
+14 1
-2 1
+1 1
-13 1
+14 1
+6 3
+10 1
-10 1
+10 3
-14 1
-4 1
+2 1
+17 1
-17 1
-2 2
+2 1
-2 1
+2 1
-2 1
+1 1
+1 1
+6 3
+10 1
-10 1
+10 3
-16 3
+20 1
+21 1
+1 1
-22 2
+19 1
-12 1
+15 1
-16 1
+13 1
343 9
209 1
+8 1
-4 1
+4 1
-8 6
+8 6
-4 6
+4 6
+12 14
+2 5
+11 5
-5 5
-6 10
+5 5
+2 10
+1 10
+3 20
-32 5
+32 10
+50 20
+1 18
-51 516
+1 258
+6 50
cfi=(27)
cfn=(72)
calls=10 24 
* 278
* 20
+5 50
-3 10
+3 10
cfi=(29)
cfn=(90)
calls=10 -91 
* 24395
+2 30
+15 10
+2 20
+5 5
+6 5
-6 10
+3 5
+1 5
+1 5
+1 5
+4 25
-2 20
-57 8
-19 2
471 14
+2 15
+3 10
-1 5
cfi=(15)
cfn=(36)
calls=5 93 
* 170
* 5
+2 5
-2 5
+2 5
+3 5
+1 20
+1 5
-1 10
cfi=(16)
cfn=(42)
calls=5 61 
* 118
+1 20
cfi=(16)
cfn=(42)
calls=5 61 
* 118
+4 5
-1 5
+5 28
+3 18
-1 7
+1 14
202 1
497 6
+1 2
+3 5
+11 3
-1 1
cfi=(15)
cfn=(36)
calls=1 93 
* 34
* 1
+3 1
-3 1
+3 1
+5 7
+1 4
+2 15
+6 18
+4 6
-10 6
+10 6
-10 13
+6 3
+4 1
-10 1
+10 1
-10 3
+13 2
+51 6
+2 3
+42 2
+1 1
-1 6
+1 1
cfi=(26)
cfn=(70)
calls=1 30 
* 20
* 1
-2 10
+13 1
-6 1
-1 1
+1 1
+6 2
-13 18
+13 6
-6 6
-1 6
+1 6
+6 18
+2 24
+1 12
-1 48
+1 30
+3 81
-1 114
+23 17
-28 34
+31 18
+3 50
cfi=(26)
cfn=(70)
calls=5 30 
* 60
* 33
217 14
+1 32
+2 5
+2 15
+2 26
652 10
cfi=(37)
cfn=(138)
calls=1 49 
* 64
+4 2
-2 1
+2 8
+2 2
+25 2
+2 1
+1 1
-1 1
+2 3
+7 3
+3 2
+3 8
295 357
663 4
-1 1
+1 3
cfi=(37)
cfn=(138)
calls=1 49 
* 43
+2 1
+2 2
-44 7
cfi=(16)
cfn=(42)
calls=1 61 
* 51
+2 1
-38 1
+38 2

fn=(122)
60 20
+7 10
-4 30
+1 10
-1 10
+1 10
-1 50
cfi=(21) /build/eglibc-3GlaMS/eglibc-2.19/elf/dl-load.c
cfn=(98) _dl_map_object
calls=10 2317 
* 23615
* 10
+5 20

fl=(65)
fn=(256) call_init.part.0
34 56
+8 7
-8 7
+11 7
-3 14
+3 21
+5 18
+5 10
+8 10
+1 30
cob=(2) ???
cfi=(14) ???
cfn=(316) 0x0000000004f7d7c0
calls=1 -64 
* 6
cob=(2)
cfi=(14)
cfn=(304) 0x00000000053750b8
calls=1 -64 
* 6
cob=(2)
cfi=(14)
cfn=(292) 0x0000000004c2c400
calls=1 -64 
* 6
cob=(3)
cfi=(67) /build/eglibc-3GlaMS/eglibc-2.19/csu/../csu/init-first.c
cfn=(270) _init
calls=1 -12 
* 181
cob=(2)
cfi=(14)
cfn=(258) 0x0000000004a25560
calls=1 -64 
* 6
+3 5
+1 10
+6 5
+2 10
-2 10
+3 25
+1 20
cob=(7) /usr/local/lib/libgsl.so.19.0.0
cfi=(77) ???
cfn=(320) 0x00000000000577e0
calls=1 -78 
* 16
cob=(6) /usr/local/lib/libgslcblas.so.0.0.0
cfi=(76) ???
cfn=(308) 0x0000000000002210
calls=1 -78 
* 16
cob=(4)
cfi=(59)
cfn=(296)
calls=1 -78 
* 16
cob=(3)
cfi=(73) /build/eglibc-3GlaMS/eglibc-2.19/string/../sysdeps/x86_64/multiarch/../cacheinfo.c
cfn=(282) init_cacheinfo
calls=1 550 
* 1045
cob=(5) /usr/lib/valgrind/vgpreload_core-amd64-linux.so
cfi=(66) ???
cfn=(262) 0x0000000000000670
calls=1 -78 
* 16
* 4
cob=(3)
cfi=(75) /build/eglibc-3GlaMS/eglibc-2.19/elf/dl-altinit.c
cfn=(290) dlinit_alt
calls=1 -45 
* 4
* 6
-1 12
+3 36
-29 2
+29 6
-34 3

fn=(254)
86 11
+1 1
+1 1
+3 3
+7 4
+27 24
+1 21
-90 38
cfn=(256)
calls=6 -2 
* 1575
* 6
+96 8
-96 3
cfn=(256)
calls=1 -2 
* 77
+58 2

fl=(2)
fn=(92)
798 24

fn=(48)
844 14

fn=(152) init_tls
724 1
-1 1
-6 1
+2 2
+4 1
+10 4
cfi=(15)
cfn=(32)
calls=1 102 
* 43
* 1
+11 1
-15 1
+3 1
+6 1
+2 1
-11 1
+15 1
+2 1
-1 1
+1 16
+2 14
+4 1
+2 1
-2 2
-5 14
+9 3
+3 1
cfi=(36)
cfn=(154)
calls=1 112 
* 73
+7 1
cfi=(36)
cfn=(156)
calls=1 328 
* 428
+1 1
-1 1
+1 1
+6 1
+8 1
-8 1
+8 6
+4 1
+2 1
+1 2

fn=(88) do_preload
804 1
+12 1
-12 5
+10 1
-4 1
+1 1
+5 4
-10 1
+6 1
+4 1
cfi=(29)
cfn=(90)
calls=1 163 
* 2519
+1 3
+8 3
+6 5

fn=(2)
362 9
+18 4
fi=(3) /build/eglibc-3GlaMS/eglibc-2.19/elf/get-dynamic-info.h
44 1
fe=(2)
380 1
fi=(5)
58 3
fi=(3)
-14 1
fe=(2)
409 1
-3 1
fi=(3)
44 1
+17 2
-3 1
-7 1
+5 1
+3 1
+2 1
-3 1
-3 1
-3 2
-5 26
+15 13
-18 39
+18 1
-18 3
+2 36
+5 20
+1 16
+10 4
-18 12
+25 2
+20 4
+1 4
+1 4
+1 4
+2 4
+5 4
+1 4
+1 4
+6 3
+5 2
+7 3
+1 3
+8 3
+2 3
+3 2
+1 2
fe=(2)
537 2
+7 1
285 2
+12 2
cfi=(6)
cfn=(10)
calls=1 859 
* 25
+1 2
+1 2
+1 2
+1 2
+21 1
+10 1
-10 3
+10 1
-6 1
-4 1
+10 1
cfi=(7) /build/eglibc-3GlaMS/eglibc-2.19/elf/../elf/dl-sysdep.c
cfn=(12) _dl_sysdep_start
calls=1 86 
* 245684
* 1
+9 4
+3 1
+4 1
-4 1
+4 1
569 9
fi=(3)
53 4
+3 4
fe=(2)
542 34
fi=(4)
84 1
+27 1
-28 1
+28 2
+1 2
fi=(5)
492 2
fi=(4)
112 18
fi=(5)
492 18
+1 20
fi=(4)
111 20
fi=(5)
493 10
fi=(4)
111 10
+5 2
+8 1
fi=(5)
287 1
fi=(4)
124 2
+13 1
+2 2
-2 1
fi=(5)
241 1
fi=(4)
137 1
fi=(5)
269 1
fi=(4)
137 2
fi=(5)
269 1
fi=(4)
137 8
+2 16
-2 8
fi=(5)
241 8
fi=(4)
137 8
fi=(5)
269 8
fi=(4)
137 16
fi=(5)
269 8
+9 18
+3 9
-3 18
+3 27
+6 54
fi=(3)
59 4
+1 1
+1 2
fe=(2)
285 73
fi=(5)
391 9
+9 9
fi=(4)
124 28
fe=(2)

fn=(22) dl_main
891 1
+19 1
-19 9
+19 1
+3 1
2492 1
891 1
2492 1
913 1
+4 1
-26 1
+26 1
+1 2
+5 2
2485 2
+7 1
-4 1
+4 1
-5 1
+5 9
+2 2
cfi=(11)
cfn=(24)
calls=1 30 
* 92
* 4
cfi=(11)
cfn=(24)
calls=2 30 
* 312
* 9
+4 48
+1 19
-1 57
+3 4
+6 16
+76 4
cfi=(12)
cfn=(26)
calls=1 315 
* 120
* 2
+2 3
-55 4
cfi=(12)
cfn=(26)
calls=1 315 
* 26
* 2
2660 3
+33 3
933 4
1132 7
cfi=(13)
cfn=(28)
calls=1 61 
* 248
+2 1
-2 1
+2 1
+1 1
+1 1
+5 2
-5 1
+1 3
+4 1
cfi=(13)
cfn=(44)
calls=1 32 
* 34
+1 2
900 1
1171 1
-3 1
-5 1
+1 1
+2 1
+5 6
+56 2
897 1
1227 2
-55 24
-1 27
+1 47
-1 2
1274 3
+3 2
+2 2
+2 2
+13 3
+1 8
cfi=(17)
cfn=(50)
calls=1 131 
* 7
* 3
+7 1
+3 1
-5 1
+3 1
+2 1
+1 2
+4 2
+2 2
fi=(3)
29 1
+9 2
+6 1
-2 1
+2 2
+7 1
+5 1
+3 1
+2 1
-3 1
-3 1
-3 14
+10 3
-18 9
+8 22
+10 22
-18 66
+18 1
-18 3
+2 52
+5 16
+2 4
+16 3
+38 3
+5 2
+7 2
+1 3
+16 3
+14 3
+18 2
fe=(2)
1317 2
cfi=(6)
cfn=(10)
calls=1 859 
* 25
+3 4
fi=(18) /build/eglibc-3GlaMS/eglibc-2.19/elf/setup-vdso.h
24 2
fe=(2)
1342 1
cfi=(19)
cfn=(56)
calls=1 45 
* 93
* 8
1176 3
+1 1
+90 2
+1 2
+1 1
-6 2
+1 1
-37 2
-1 2
+1 4
-1 2
+2 4
+1 1
+3 2
+1 2
-1 2
+1 2
+1 2
+1 6
+1 2
-43 1
-2 2
+27 1
-25 1
+7 2
-10 1
+10 1
-19 3
+1 1
fi=(3)
56 4
+3 4
+1 1
+1 3
fe=(2)
2537 4
cfi=(12)
cfn=(26)
calls=1 315 
* 80
* 2
+2 3
1347 2
cfi=(21)
cfn=(60) _dl_init_paths
calls=1 714 
* 1695
+3 3
cfi=(28) /build/eglibc-3GlaMS/eglibc-2.19/elf/dl-debug.c
cfn=(84) _dl_debug_initialize
calls=1 50 
* 17
+7 1
-7 1
+2 1
+5 1
+3 3
+1 1
+3 1
-3 3
+1 2
+3 1
+5 1
-7 1
+7 1
+1 5
+4 1
+4 1
-2 4
+1 2
+1 3
+5 2
+1 6
+2 2
+1 2
+5 2
+5 3
906 1
1579 3
+3 2
+4 3
+5 2
+1 1
cfi=(28)
cfn=(86) _dl_debug_state
calls=1 74 
* 1
+5 3
+15 3
+4 3
+31 3
cfi=(23)
cfn=(64)
calls=1 81 
* 9
* 2
+77 4
+17 3
+1 1
-1 1
+1 2
-1 1
+1 5
cfi=(33)
cfn=(120)
calls=1 147 
* 28041
+1 1
+5 1
-5 3
+2 2
+3 4
+1 4
-1 2
+1 24
-1 12
+4 3
+1 3
+1 1
+2 2
+1 5
-1 7
+1 10
-1 15
-28 1
+1 1
-1 7
+4 1
+1 1
-1 1
+2 2
+1 2
+35 1
-1 2
+1 1
+2 1
+2 3
+2 1
-4 2
+5 1
-1 2
+14 2
+1 2
+1 3
+12 1
+1 1
-2 1
+2 1
-2 1
+2 1
-2 1
+2 1
-2 1
+2 1
cfi=(29)
cfn=(142)
calls=1 205 
* 8266
+10 1
+1 1
-1 1
+1 1
+1 1
cfn=(152)
calls=1 724 
* 633
* 1
+2 2
+3 1
cfn=(158) security_init
calls=1 851 
* 22
+2 2
2054 3
+56 1
+4 1
+7 1
-11 1
+4 3
+4 2
+3 1
+8 2
+95 4
+1 1
+5 2
cfi=(36)
cfn=(244)
calls=1 376 
* 275
+4 2
+14 3
+2 2
+29 1
cfi=(7)
cfn=(246) _dl_sysdep_start_cleanup
calls=1 256 
* 1
+4 3
+20 3
cfi=(28)
cfn=(84)
calls=1 50 
* 8
+1 1
+1 1
cfi=(28)
cfn=(86)
calls=1 74 
* 1
+5 1
cfi=(35)
cfn=(248)
calls=1 309 
* 15
+5 8
-65 2
+15 1
+3 1
-3 1
+3 1
-3 2
+3 2
-3 1
+2 1
+1 1
cfi=(41)
cfn=(162)
calls=1 154 
* 7715
+1 4
+2 3
-96 3
+7 1
+2 11
+2 1
+2 21
+5 14
+2 14
+8 7
-2 7
+2 14
+1 48
cfi=(41)
cfn=(162)
calls=6 154 
* 192638
+4 23
-22 18
+25 4
+2 1
+6 1
-6 1
+6 1
-22 1
+1 1
-3 2
+14 2
cfi=(36)
cfn=(194)
calls=1 831 
* 20
* 1
-69 1
899 2
1767 2
+21 3
1623 2
cfi=(9)
cfn=(18)
calls=1 26 
* 81
* 8
cfi=(16)
cfn=(42)
calls=1 61 
* 47
* 1
+3 5
-12 1
+12 1
+3 3
cfi=(15)
cfn=(76)
calls=1 338 
* 765
* 3
cfi=(15)
cfn=(76)
calls=1 338 
* 6
* 6
+1 2
+1 3
+2 4
cfn=(88)
calls=1 804 
* 2547
* 2
1336 3
1635 1
+1 1
-1 3
+1 1
+1 3

fn=(96)
625 2
+2 7
cfi=(21)
cfn=(98)
calls=1 2317 
* 2446
* 1
+2 2

fn=(158)
851 2
+2 1
fi=(40) /build/eglibc-3GlaMS/eglibc-2.19/elf/../sysdeps/unix/sysv/linux/dl-osinfo.h
61 2
+23 2
+2 1
+7 1
fe=(2)
855 1
+6 2
+2 1
fi=(40)
101 2
+11 1
fe=(2)
866 1
+2 1
+6 1
+1 3

fn=(46)
838 14

fn=(144)
657 2
+2 4
cfi=(39)
cfn=(146)
calls=1 380 
* 8226
* 2
+4 2

fl=(52)
fn=(206)
66 40
+6 40
-6 60
+3 20
-1 20
+1 20
+3 20
+1 20
-1 40
+1 100
+1 20
-1 20
+1 40
+5 40
+4 40
+4 60
+4 40
+1 80
+2 80
+7 60
-1 20
+8 40
+3 180
cfi=(6)
cfn=(168)
calls=20 714 
* 19617
* 20
+4 60
+4 80
+6 120
+16 20
-8 20
+8 60
+4 60
fi=(5)
+65 20
fe=(52)
-61 100

fl=(28)
fn=(84)
50 14
+5 12
+5 2
-1 1
+1 2
+1 2
-1 2
-9 7
+4 14
+4 1
-1 1
-58 7

fn=(86)
74 2

fl=(21)
fn=(78) expand_dynamic_string_token
415 16
+10 6
cfi=(27)
cfn=(72)
calls=2 24 
* 70
* 4
161 4
cfi=(9)
cfn=(18)
calls=2 26 
* 125
* 2
+1 4
cfi=(15)
cfn=(36)
calls=2 -69 
* 68
* 2
+2 4
+3 6
440 10
167 2
cfi=(16)
cfn=(42)
calls=2 61 
* 78

fn=(124) open_path
2168 32
+1 4
-1 20
+7 4
-7 4
+1 4
+6 4
+5 8
-7 4
+7 4
-8 4
+8 12
+74 4
-74 4
+74 4
-22 8
-52 4
+52 12
-40 4
-9 4
+9 4
+7 16
cfi=(24)
cfn=(66)
calls=4 61 
* 124
+1 4
-1 4
+1 12
-13 8
+33 8
-20 51
+3 32
+4 56
cfi=(24)
cfn=(66)
calls=7 61 
* 127
* 28
cfi=(24)
cfn=(66)
calls=7 61 
* 169
* 7
+3 7
+3 14
+3 42
cfn=(126) open_verify.constprop.6
calls=7 1871 
* 273
* 7
+2 21
+26 12
+2 9
-21 8
+1 36
+6 8
+2 12
-2 4
+2 4
cfi=(34)
cfn=(128)
calls=4 34 
* 49
* 8
+1 1
+2 1
-2 1
+2 8
+7 2
-44 2
+37 6
+7 6
-44 7
+85 20
+7 4
-2 4
+2 12
+3 12
-13 4
+27 35
-72 6

fn=(102) open_verify
1873 10
+36 1
-36 2
+36 2
+21 4
cfi=(23)
cfn=(104)
calls=1 81 
* 5
+1 1
-1 1
+1 1
+10 1
+1 2
+5 6
cfi=(23)
cfn=(106)
calls=1 81 
* 5
+2 2
+2 1
+2 1
-2 2
+2 1
+6 2
+16 5
cfi=(12)
cfn=(26)
calls=1 315 
* 88
* 2
+2 1
-2 2
+4 4
cfi=(12)
cfn=(26)
calls=1 315 
* 80
-4 2
+75 2
+5 2
+3 4
+5 2
+7 1
+1 1
-1 4
+1 3
+1 1
+15 61
+2 19
+4 4
+1 2
+13 1
+1 1
+2 1
-3 1
+1 1
-1 1
+1 1
-2 1
+4 2
-7 4
cfi=(12)
cfn=(26)
calls=1 315 
* 80
* 2
-97 3
2154 8

fn=(74) fillin_rpath
486 8
+2 1
-2 9
+5 1
cfi=(15)
cfn=(76)
calls=1 338 
* 237
* 3
+4 4
cfn=(78)
calls=1 -80 
* 162
+2 1
-2 1
+2 1
cfi=(9)
cfn=(18)
calls=1 26 
* 44
+4 1
-4 1
+4 1
+7 6
+34 2
+4 3
+1 3
-1 1
+1 1
-2 1
cfi=(15)
cfn=(36)
calls=1 93 
* 34
* 1
+3 1
-3 1
+3 3
+5 1
+1 3
-2 1
+2 1
cfi=(24)
cfn=(66)
calls=1 61 
* 31
+3 1
-3 1
+3 1
-2 1
+2 1
+6 4
+1 14
+1 10
+3 1
-1 2
+1 1
+7 1
+1 1
-1 1
+4 3
+2 2
cfi=(15)
cfn=(82)
calls=1 121 
* 6
* 1
* 2
-90 1
cfi=(15)
cfn=(76)
calls=1 338 
* 6
* 2
+94 1
+3 9
-65 18
+1 8
-16 2
+5 2
+3 5
+26 2
+31 2

fn=(98)
2317 88
+7 11
-7 22
+7 11
+1 22
+3 99
+12 90
-12 135
+5 153
+1 102
+2 153
cfi=(31)
cfn=(100)
calls=51 288 
* 3118
* 108
2607 88
2362 10
+10 30
+26 10
-2 5
+2 5
cfi=(27)
cfn=(72)
calls=5 24 
* 139
* 10
2538 6
cfn=(78)
calls=1 415 
* 239
+1 1
-3 1
+4 1
-1 2
+4 6
cfn=(102)
calls=1 1873 
* 447
+3 1
-3 1
+3 1
+12 20
+2 10
+44 5
+1 40
-1 5
+1 15
cfn=(108) _dl_map_object_from_fd
calls=5 923 
* 10112
* 5
2402 8
cfi=(9)
cfn=(18)
calls=4 26 
* 231
* 4
+2 4
-2 4
+2 4
+7 16
+35 8
+1 60
cfn=(124)
calls=4 2168 
* 1443
* 12
+6 24
691 4
2454 4
691 8
2530 8
-95 16
+21 8
+6 16
+2 12
+4 8
cfi=(35)
cfn=(130)
calls=4 182 
* 5048
+2 4
-2 4
+2 4
+4 12
+8 8
+22 36
cfn=(126)
calls=4 1871 
* 1954
+3 12
161 12
cfi=(9)
cfn=(18)
calls=4 26 
* 310
* 4
+1 8
cfi=(15)
cfn=(36)
calls=4 -69 
* 136
* 4
+2 12
+3 16
cfi=(16)
cfn=(42)
calls=4 61 
* 212
2510 4
-1 4
+1 8
-74 28
691 4
2437 4
691 8
2415 4
+8 12
-7 12
-1 4
+8 32
-3 12
691 4
2421 4
691 8
2341 135
+3 25
+2 25
-1 50
+1 25
cfi=(17)
cfn=(50)
calls=25 131 
* 574
* 50

fn=(108)
923 60
+11 5
-11 5
+11 5
-11 10
+11 5
cfi=(28)
cfn=(84)
calls=5 50 
* 40
+4 15
-4 5
+4 5
cfi=(32)
cfn=(112)
calls=5 34 
* 50
* 10
+11 35
+1 15
-1 60
+1 80
+17 10
+25 10
+10 10
+22 20
+32 10
935 5
1059 35
cfi=(13)
cfn=(28)
calls=5 61 
* 2356
+1 5
-1 5
+1 5
+11 10
+5 5
-5 5
+1 10
+1 5
+2 5
-2 5
+2 20
+1 15
+1 5
+24 10
+8 5
-8 45
+8 5
-8 5
+8 5
+89 5
-95 5
-1 5
+96 5
1092 5
1198 10
+8 25
-96 71
-1 320
+1 248
+6 10
+1 15
+1 5
+3 4
+1 2
+5 50
+6 20
+1 10
-1 40
+8 10
+2 20
-2 10
+1 10
+4 10
-5 20
+1 20
+1 10
+1 10
+3 10
+4 10
-9 10
+2 10
+1 10
+1 10
+1 10
+4 10
+1 15
+5 10
-16 5
+16 25
+10 5
-10 10
-16 5
+16 25
+10 5
+3 3
+5 1
-1 1
+3 1
-1 1
-1 1
+1 1
+3 3
+1 2
+3 2
+4 4
+6 1
cfi=(36)
cfn=(136)
calls=1 50 
* 8
* 2
+1 1
+60 10
+1 15
+1 5
-6 10
+1 20
+8 15
+13 40
+2 10
+14 5
+5 30
cfi=(25)
cfn=(68)
calls=5 81 
* 30
+4 5
-4 5
+4 5
+7 5
+1 5
-1 5
+1 5
+2 5
-3 5
+1 5
+2 5
+10 5
+2 5
+33 30
+1 15
+2 20
+8 40
+6 5
+2 5
-2 5
+1 5
+2 5
-1 5
+1 5
-1 15
+8 10
+3 10
+11 35
cfi=(26)
cfn=(70)
calls=5 30 
* 2882
+1 25
+5 10
+15 10
-74 50
+2 20
+2 40
cfi=(25)
cfn=(68)
calls=5 81 
* 30
* 10
-30 5
-1 25
cfi=(25)
cfn=(114)
calls=5 81 
* 25
* 5
1072 5
1418 20
+9 10
fi=(3)
38 5
fe=(21)
1427 5
fi=(3)
38 5
+6 5
-2 5
+2 10
+7 5
+5 5
+3 5
-1 5
-3 5
-3 98
+10 22
-18 66
+8 96
+10 96
-18 288
+18 5
-18 15
+2 246
+5 108
+2 20
+16 10
+20 17
+1 20
+1 20
+1 20
+2 20
+5 20
+1 19
+1 20
+6 15
+5 10
+7 10
+1 15
+16 15
+5 2
+2 2
-2 2
+2 2
+2 4
+2 4
+3 15
+10 1
-8 2
+9 2
-1 1
+5 2
+3 10
fe=(21)
1433 10
+16 15
+19 10
+2 25
+55 15
+1 2
+3 2
cfi=(23)
cfn=(118)
calls=1 81 
* 5
* 8
cfi=(23)
cfn=(118)
calls=4 81 
* 20
* 10
+8 25
+3 15
+2 5
-2 5
+2 5
+16 10
cfi=(6)
cfn=(10)
calls=5 859 
* 125
+4 10
+1 10
+17 10
+1 1
+3 1
+5 1
-5 1
+1 2
+4 1
-5 4
+5 4
-5 4
+1 8
+4 4
+10 15
cfi=(13)
cfn=(44)
calls=5 32 
* 240
+4 20
+20 40
fi=(3)
56 20
+3 20
+1 5
+1 20
fe=(21)
1356 15
+2 3
-1 9
+1 6
-1 3
+1 6
-1 6
+3 12
+43 8
cfi=(25)
cfn=(68)
calls=1 81 
* 6
+3 2
1537 10
474 8

fn=(126)
1871 110
+38 11
-38 11
+38 22
+21 44
cfi=(23)
cfn=(104)
calls=11 81 
* 83
+1 11
-1 11
+1 11
+10 4
+1 8
+5 24
cfi=(23)
cfn=(106)
calls=4 81 
* 20
+2 8
+2 4
+2 4
-2 8
+2 4
+6 8
+16 20
cfi=(12)
cfn=(26)
calls=4 315 
* 352
* 8
+2 4
-2 8
+4 16
cfi=(12)
cfn=(26)
calls=4 315 
* 320
-4 8
+75 8
+5 8
+3 16
+5 8
+7 4
+1 4
-1 20
+1 12
+1 4
-2 4
+17 212
+2 72
+4 16
+1 8
+13 4
+1 4
+2 4
-3 4
+1 4
-1 4
+1 4
-2 4
+4 8
+5 2
+1 2
-13 8
cfi=(12)
cfn=(26)
calls=2 315 
* 146
* 16
cfi=(12)
cfn=(26)
calls=4 315 
* 320
* 12
+16 4
+6 2
-3 2
+1 2
+1 2
+1 4
+1 8
-4 2
+1 2
+1 2
-1 6
-1 2
+4 4
+5 7
+23 72
2005 4
+82 2
+67 16

fn=(60)
714 1
+13 2
-13 8
+13 3
cfi=(22) /build/eglibc-3GlaMS/eglibc-2.19/elf/dl-hwcaps.c
cfn=(62) _dl_important_hwcaps
calls=1 39 
* 351
+5 1
-5 1
+5 1
cfi=(15)
cfn=(36)
calls=1 93 
* 34
* 1
+1 1
-1 1
-1 1
+2 1
+8 1
-1 1
+1 4
-1 4
+5 2
cfi=(15)
cfn=(36)
calls=1 93 
* 55
* 1
+2 1
-3 1
+3 2
+29 1
-12 1
-10 1
+11 1
+3 2
+8 1
-12 1
+3 2
-14 1
+9 1
+5 3
+9 2
-7 27
cfi=(26)
cfn=(70)
calls=4 30 
* 88
+7 16
-12 3
+12 6
-14 3
+3 6
-1 3
+3 3
-5 3
+6 12
+4 3
-3 3
+3 6
-3 3
-7 6
+25 1
-11 1
+6 1
+1 1
+5 2
+2 4
+2 3
+38 4
+8 3
cfi=(27)
cfn=(72)
calls=1 24 
* 23
* 2
+2 2
cfi=(9)
cfn=(18)
calls=1 26 
* 57
* 8
cfi=(16)
cfn=(42)
calls=1 61 
* 31
* 1
+17 3
-1 2
+3 1
+1 3
+1 1
-4 3
+2 13
+1 39
+1 13
-4 40
+8 1
cfi=(15)
cfn=(36)
calls=1 93 
* 34
* 1
+1 1
-2 1
+2 1
+6 8
cfn=(74)
calls=1 486 
* 681
+4 3
+6 1
+4 8
-75 1
-2 1
+2 2
+14 2

fl=(16)
fn=(42)
61 28
+2 28
+2 28
+3 27
+1 27
+2 6
+1 6
+2 6
+1 6
+5 6
+1 6
-1 21
+1 21
+2 5
+1 5
+2 5
+1 10
+5 5
+1 5
-1 22
+1 22
+2 5
+1 5
+2 5
+1 5
+5 5
+1 5
-1 22
+1 22
+2 18
+1 18
+2 18
+1 18
+5 18
+1 18
-1 9
+1 25
+5 16
+1 16
+1 16
+1 16
+2 16
+2 16
+1 16
+2 16
+8 27
+8 7
+6 7
+2 7
+1 7
+3 2
+1 4
+5 2
+1 2
+2 2
+2 2
+1 2
+2 2
-8 7
+1 7
+2 7
+2 7
+1 7
+2 9
+9 2
+1 2
-1 5
+1 5
+3 7
+1 7
+1 7
+5 5
+2 5
+1 5
+1 5
+1 5
+2 5
+1 5
+1 5
+1 5
+2 5
+1 5
+2 5
+22 7
+6 7
+1 7
+2 1

fl=(7)
fn=(246)
256 1

fn=(12)
86 7
+25 1
-1 1
+1 1
-25 1
+25 192
+6 1
-3 1
+1 1
-4 1
+3 1
+3 4
+1 6
-1 3
-29 1
-1 2
+31 105
-1 82
fi=(19)
-82 2
cfi=(8)
cfn=(14)
calls=1 -4 
* 12
fi=(5)
200 5
fe=(7)
+34 2
cfi=(10)
cfn=(20)
calls=1 34 
* 17
* 3
+12 3
+3 6
cfi=(2)
cfn=(22)
calls=1 891 
* 245158
+1 1
+1 8
151 1
+1 1
+27 1
+1 1
-17 1
+1 1
-7 1
+1 1
-4 1
+1 1
-25 1
+1 1
-4 1
+1 1
-7 1
+1 1
+2 1
+1 1
232 1
cfi=(9)
cfn=(18)
calls=1 26 
* 35
* 2

fl=(22)
fn=(62)
39 8
+3 1
-1 1
+1 1
+9 1
-12 3
+3 1
-3 1
+3 1
+9 2
+10 4
+31 2
+23 3
cfi=(23)
cfn=(64)
calls=1 -34 
* 9
* 2
-2 1
+17 6
+3 2
+29 2
+8 2
+2 4
+1 4
+4 2
+4 1
-3 1
-1 1
+4 1
+3 2
+4 5
+1 1
-1 7
+1 1
+18 12
+1 4
cfi=(15)
cfn=(36)
calls=1 93 
* 34
* 1
+1 1
-1 1
+1 3
+29 1
+3 1
-3 2
+3 1
+28 9
+1 2
-1 2
+1 6
-1 8
+5 6
+3 1
-3 1
+3 2
-3 1
+3 1
-3 2
+3 1
-3 1
+3 2
-3 1
+3 3
+1 12
+1 4
-1 4
+1 8
-2 4
+1 8
-1 14
+4 4
+3 1
+2 2
-1 1
-1 2
+2 10
+13 2
+1 1
-1 1
+3 2
-3 2
+1 1
-1 1
+3 2
+3 3
+3 1
-1 1
+1 7
145 2
-14 2
243 3
cfi=(24)
cfn=(66)
calls=1 61 
* 22
+1 2
-1 2
+1 1
cfi=(24)
cfn=(66)
calls=1 61 
* 22
* 4

ob=(5)
fl=(66)
fn=(262)
0 16

ob=(3)
fl=(129) /build/eglibc-3GlaMS/eglibc-2.19/string/../sysdeps/x86_64/strchr.S
fn=(602) strchrnul
24 1295782
+1 1295782
+1 1295782
+1 1295782
+1 1295782
+1 1295782
+1 1295782
+1 1295782
+1 487144
+1 487144
+1 487144
+1 487144
+1 487144
+1 487144
+1 487144
+1 487144
+1 487144
+1 487144
+2 487144
+7 487144
+27 134773
+5 134773
+1 134773
+3 134773
+1 134773
+1 134773
+1 134773
+1 134773
+1 134773
+1 134773
+1 134773
+1 134773
+1 134773
+1 134773
+1 134773
+1 134773
+1 134773
+1 134773
+1 134773
+1 134773
+1 134773
+2 134773
+1 134773
+2 134773
+1 134773
+1 134773
+1 134773
+1 134773
+1 134773
+1 134773
+1 134773
+2 134773
+1 134773
+1 134773
+1 134773
+1 134773
+1 134773
+1 134773
+1 134773
+1 134773
+1 134773
+3 134773
+2 134773
+7 134773
-9 673865
+2 673865
+7 673865
+4 808638
+1 808638
+1 808638
+1 808638
+1 808638
+1 808638
+1 808638
+1 808638
+1 808638
+1 808638
+1 808638
+1 808638
+1 808638
+1 808638
+1 808638
+1 808638
+1 808638
+1 808638
+1 808638
+1 808638
+1 808638
+1 808638
+1 808638
+1 808638
+1 808638
+1 808638
+1 808638
+1 808638
+1 808638
+1 808638
+1 808638
+1 808638
+1 808638
+1 808638
+1 808638
+1 808638
+1 808638
+1 808638
+1 134773

fl=(138) /build/eglibc-3GlaMS/eglibc-2.19/stdlib/mul.c
fn=(622) __mpn_mul
57 52547
+6 4777
-6 9554
+6 4777
+13 4777
-1 9554
+5 4777
+1 9554
+9 14331
cfi=(134) /build/eglibc-3GlaMS/eglibc-2.19/stdlib/../sysdeps/x86_64/mul_1.S
cfn=(614) __mpn_mul_1
calls=4777 -58 
* 152864
+2 4777
+5 4777
-5 9554
+1 4777
+4 4777
+54 38216

fl=(93) /build/eglibc-3GlaMS/eglibc-2.19/stdlib/strtod_l.c
fn=(398) ____strtod_l_internal
494 9
+56 1
-2 1
-54 1
+56 1
+18 1
-1 1
+15 3
+1 2
cfi=(87) /build/eglibc-3GlaMS/eglibc-2.19/string/../sysdeps/x86_64/strlen.S
cfn=(378) strlen
calls=1 66 
* 16
+1 1
-1 1
+1 4
+21 1
-6 2
+9 2
+1 3
+3 1
-4 1
+4 1
+5 1
-17 1
+17 1
+13 3
+1 2
+75 3
+43 2
+1 3
+1 5
+5 2
+1 4
-1 3
+8 2
+18 2
+10 3
+1 2
+12 2
+16 2
+42 4
+9 2
+1 4
-1 3
+7 3
+1 3
+11 2
+6 1
+1 2
-1 1
+1 2
639 3
1778 8
899 3
1030 2
+2 2
+5 2
+3 2
+19 3
+3 2
+3 2
+33 2
+92 1
+2 6
+1 1
+1 1
+3 1
-3 1
+3 3
+3 2
601 1
1203 2
1365 6
+9 2
+33 4
+1 1
-1 1
+1 3
+2 4
+8 1
-57 1
+77 1
-20 1
+20 1
-75 1
+55 2
-56 1
+56 1
-57 1
+61 1
+16 1
-76 1
+59 1
+17 3
-6 1
+1 6
cfi=(94) /build/eglibc-3GlaMS/eglibc-2.19/string/../sysdeps/x86_64/multiarch/../memcpy.S
cfn=(400) __GI_memcpy
calls=1 61 
* 18
+15 1
+1 1
+2 2
-26 2
+3 1
+2 1
+2 1
-2 1
+23 5
+4 9
cfn=(402) str_to_mpn.isra.0
calls=1 348 
* 56
+17 4
+2 2
+4 5
cfi=(95) /build/eglibc-3GlaMS/eglibc-2.19/stdlib/../sysdeps/x86_64/lshift.S
cfn=(404) __mpn_lshift
calls=1 29 
* 15
+1 5
cfi=(95)
cfn=(404)
calls=1 29 
* 15
+1 3
+11 1
+2 1
-2 1
+2 1
1643 5
cfn=(406) round_and_return
calls=1 212 
* 86
* 1
706 3
+19 6
500 4
727 2
-1 2
+1 2
1504 1
-2 1
+1 1
+1 3
+4 1
+38 2
-38 3
+38 1
-38 1
+38 22
+6 1
-1 1
-1 1
+2 1
-2 1
+1 1
-1 2
1383 5
+3 10
+13 1
-10 3
+10 1
+5 2
969 3
-84 8
+3 2
-7 9

fn=(402)
348 9
+14 1
-1 1
-13 2
+14 7
+34 5
+3 2
+7 2
+3 2
+3 1
-3 1
+1 1
+2 1
+2 4
+7 3
+2 3
+2 1
+1 1
+15 9

fn=(406)
212 11
fi=(96) /build/eglibc-3GlaMS/eglibc-2.19/stdlib/../sysdeps/generic/get-rounding-mode.h
93 1
+1 5
fe=(93)
215 2
+89 2
+35 8
fi=(96)
103 1
-9 2
fe=(93)
339 10
-28 3
-4 1
fi=(97) /build/eglibc-3GlaMS/eglibc-2.19/stdlib/../include/rounding-mode.h
46 3
fe=(93)
338 3
cfi=(99) /build/eglibc-3GlaMS/eglibc-2.19/stdlib/../sysdeps/ieee754/dbl-64/mpn2dbl.c
cfn=(414) __mpn_construct_double
calls=1 39 
* 14
* 1
fi=(97)
46 2
+6 6
fe=(93)
307 2
fi=(98) /build/eglibc-3GlaMS/eglibc-2.19/stdlib/../stdlib/gmp.h
447 1
fe=(93)
316 2
fi=(98)
448 1
fe=(93)
316 1
+10 4

fl=(94)
fn=(400)
61 3359
+2 3359
+2 3359
+3 3359
+1 3359
+11 3359
+1 3359
+11 3359
+1 3359
+11 3359
+1 3359
+2 1
+1 1
+2 1
+1 1
+5 1
+1 1
-1 3358
+1 6716
+5 3358
+1 3358
+1 3358
+1 3358
+2 3358
+2 3358
+1 3358
+2 3358
+8 3359

fl=(73)
fn=(284) handle_intel
306 4
-1 4
+17 2
-17 12
+14 2
+1 4
-3 6
+23 10
cfn=(286) intel_check_word
calls=2 162 
* 636
+1 4
+3 10
cfn=(286)
calls=2 162 
* 167
+1 4
-17 4
+5 2
-5 4
+5 2
+2 2
+1 2
-1 4
+27 16

fn=(282)
550 1
+13 1
-13 1
+13 1
-13 1
+13 1
+7 2
+2 3
cfn=(284)
calls=1 306 
* 431
+4 2
-4 1
+4 1
cfn=(284)
calls=1 306 
* 470
+2 1
-2 1
-1 1
+3 1
+29 1
-18 1
+18 3
+7 2
+9 20
-9 12
+6 6
-6 3
+6 2
+49 4
+75 2
+2 1
+1 1
+2 1
-3 1
+5 1
-5 1
+4 3
+4 2
+2 1
+1 1
+2 1
-3 1
+5 1
+2 1
-7 1
+4 2
+3 1
-3 1
+3 2
-93 5
-45 2
+6 5
+7 2
+4 4
+2 4
-6 4
+4 1
-2 1
+2 1
-4 3
+4 1
-2 1
+2 1
+15 2
-8 1
+2 2
+1 1
-1 2
+1 1
+1 1

fn=(286)
162 8
+6 4
-7 8
+7 8
-7 4
+7 8
-7 4
+7 4
+2 4
-2 4
+2 12
+2 4
+2 8
-2 6
+2 12
+8 20
+53 16
fi=(74) /build/eglibc-3GlaMS/eglibc-2.19/string/../bits/stdlib-bsearch.h
27 8
+1 16
+3 16
+1 8
fe=(73)
150 16
fi=(74)
31 12
+1 6
fe=(73)
150 12
+3 54
fi=(74)
29 46
+2 46
-2 46
+2 80
+1 40
fe=(73)
150 80
295 8
170 16
-6 2
300 16
fi=(74)
37 8
-8 18
fe=(73)
194 10
+5 10
-5 14
+34 3
-34 15
+5 6
+4 8
+7 8
+3 2
+2 4
-10 2
-2 2
+2 3
+12 2
+2 2
+1 2
-3 2
+2 2
-1 2
-1 2
+2 2
-1 6
+1 2
-2 4

fl=(81) /build/eglibc-3GlaMS/eglibc-2.19/setjmp/../sysdeps/x86_64/bsd-_setjmp.S
fn=(358) _setjmp
30 1
+2 1
cfi=(82) /build/eglibc-3GlaMS/eglibc-2.19/setjmp/../sysdeps/x86_64/setjmp.S
cfn=(360) __sigsetjmp
calls=1 -6 
* 27

fl=(134)
fn=(614)
32 150360
+3 150360
+1 150360
+1 150360
+1 150360
+1 150360
+2 150360
+1 150360
+2 150360
+1 150360
+1 150360
+1 150360
+1 143658
+2 143658
+1 143658
+1 143658
+1 143658
+26 6702
+1 6702
+1 6702
+1 6702
+1 6702
+1 6702
+1 6702
+1 6702
+1 6702
+26 6702
+1 6702
+1 6702
+2 6702
+1 6702
+1 6702
+1 6702
+1 6702
+1 6702
+2 6702
+3 6702
-5 143658
+2 143658
+3 143658

fl=(115) /build/eglibc-3GlaMS/eglibc-2.19/stdio-common/vfscanf.c
fn=(488) _IO_vfscanf
214 10
+11 1
-11 2
+11 2
+1 2
+88 6
+6 4
+3 5
+4 2
+8 2
+6 1
+2 3
+15 1
-15 1
+15 8
2590 1
363 1
-94 1
-49 1
-1 1
+56 1
2590 1
2156 1
273 1
2156 1
367 2
-95 1
-7 1
-1 1
-1 1
-1 1
-12 1
367 1
230 1
-12 1
367 2
+37 3
+25 1
+1 1
-1 1
+1 1
+26 1
-89 3
223 1
2933 2
475 4
+49 9
+80 2
+5 6
+1 3
+3 1
+1 4
-1 1
+1 2
+6 6
+3 5
+2 3
-1 2
+1 5
cfi=(110) /build/eglibc-3GlaMS/eglibc-2.19/libio/genops.c
cfn=(516) _IO_sputbackc
calls=1 726 
* 14
* 2
+4 8
469 7
+24 8
+21 5
2943 5
+2 2
+3 3
+3 2
+17 3
+6 8
-31 3
358 6
610 2
1394 8
+5 1
-5 1
+5 3
1729 8
-9 40
+2 20
+5 61
+57 2
+1 2
+26 9
cfi=(110)
cfn=(516)
calls=1 726 
* 14
* 2
+3 2
+10 1
-10 1
+10 1
-10 1
+10 1
+1 6
cfi=(90) /build/eglibc-3GlaMS/eglibc-2.19/stdlib/../stdlib/strtol.c
cfn=(520) __strtol_internal
calls=1 97 
* 274
+4 4
+3 2
+2 2
+4 2
472 1
1408 3
+23 2
+3 4
-43 1
-1 2
1724 9
+53 18
+2 18
-2 9
+2 9
-2 9
+2 9
+2 90
-52 5
2374 3
524 2
1840 2
493 1
+28 2
1842 2
+1 3
+14 10
620 6
cfi=(110)
cfn=(490) __uflow
calls=1 363 
* 217
* 6
1777 6
fi=(119) /build/eglibc-3GlaMS/eglibc-2.19/stdio-common/../nptl/sysdeps/pthread/allocalim.h
28 3
fe=(115)
1777 15

fl=(133) /build/eglibc-3GlaMS/eglibc-2.19/stdlib/../sysdeps/ieee754/dbl-64/dbl2mpn.c
fn=(610) __mpn_extract_double
35 35514
+2 53271
+1 17757
+9 17757
-9 17757
+9 17757
+9 17757
-18 35514
+18 17757
-18 17757
+9 17757
+9 17757
+4 22960
+43 18831
+4 12554
-45 11480
+45 22960

fl=(86) /build/eglibc-3GlaMS/eglibc-2.19/stdlib/getenv.c
fn=(376) getenv
35 8
+1 1
cfi=(87)
cfn=(378)
calls=1 +30 
* 16
* 1
+4 7
+3 2
+49 9
-24 1
+6 1
+2 1
-3 1
+3 246
+9 122

fl=(141) /build/eglibc-3GlaMS/eglibc-2.19/stdlib/divrem.c
fn=(636) __mpn_divrem
56 116199
+3 12911
-3 64555
+3 12911
+13 12911
+1 12911
-16 12911
+18 25822
+6 51644
+1 35563
+1 9741
-1 19482
+1 19482
-1 19482
+4 12911
-2 12911
+2 25822
+3 12911
244 12911
91 12911
244 90377
77 675
+1 1350

fl=(46) /build/eglibc-3GlaMS/eglibc-2.19/elf/../sysdeps/unix/sysv/linux/dl-vdso.c
fn=(182) _dl_vdso_vsym
27 4
-1 4
+1 4
+4 8
-3 8

fl=(91) /build/eglibc-3GlaMS/eglibc-2.19/stdlib/../stdlib/strtol_l.c
fn=(390) ____strtol_l_internal
232 16
+26 2
-12 2
-14 2
+26 2
+22 2
-1 2
+10 8
+9 12
+2 4
+5 4
+5 2
-6 2
+6 2
+4 4
+10 4
+7 6
-79 2
376 2
+3 4
+59 2
-59 2
+1 4
+4 2
-4 2
+58 2
+2 4
+16 2
-74 2
+1 2
+57 2
+38 2
-22 2
-14 6
-2 16
-2 8
+4 8
-2 8
+2 16
+28 30
+3 40
+5 10
-40 10
+41 20
-41 32
+46 4
+5 6
+1 1
+5 4
+3 6
334 10
496 6
+35 2
-18 2
+18 14

fl=(122) /build/eglibc-3GlaMS/eglibc-2.19/libio/iofclose.c
fn=(538) fclose@@GLIBC_2.2.5
40 6
+14 2
-14 2
+14 6
+3 36
+4 6
-3 4
fi=(123) /build/eglibc-3GlaMS/eglibc-2.19/libio/libioP.h
904 4
+1 6
fe=(122)
63 8
cfi=(111) /build/eglibc-3GlaMS/eglibc-2.19/libio/fileops.c
cfn=(554) _IO_file_finish@@GLIBC_2.2.5
calls=2 202 
* 64
+1 6
+18 12
+2 2
+1 4
cfi=(100) /build/eglibc-3GlaMS/eglibc-2.19/malloc/malloc.c
cfn=(562) free
calls=2 2917 
* 375
cob=(1)
cfi=(51)
cfn=(204)
calls=1 -51 
* 748
* 6
+4 10
-10 4
-20 4
cfi=(111)
cfn=(542) _IO_file_close_it@@GLIBC_2.2.5
calls=2 +99 
* 328
* 6
-4 2
cfi=(110)
cfn=(540) _IO_un_link
calls=2 +5 
* 160
* 6
fi=(123)
905 12
fe=(122)

fl=(107) /build/eglibc-3GlaMS/eglibc-2.19/misc/sbrk.c
fn=(446) sbrk
34 7
+8 7
-8 21
+8 39
+4 14
+4 12
+3 3
cfi=(108) /build/eglibc-3GlaMS/eglibc-2.19/misc/../sysdeps/unix/sysv/linux/x86_64/brk.c
cfn=(448) brk
calls=3 -22 
* 39
* 6
+4 35
-14 2
cfi=(108)
cfn=(448)
calls=1 -12 
* 13
* 4

fl=(71) /build/eglibc-3GlaMS/eglibc-2.19/string/../sysdeps/x86_64/strrchr.S
fn=(278) rindex
24 1
+1 1
+1 1
+1 1
+1 1
+1 1
+1 1
+1 1
+1 1
+1 1
+1 1
+1 1
+1 1
+1 1
+1 1
+1 1
+1 1
+1 1
+1 1
+1 1
+1 1
+1 1
+1 1
+1 1

fl=(101) /build/eglibc-3GlaMS/eglibc-2.19/malloc/hooks.c
fn=(424) malloc_hook_ini
30 2
fi=(102) /build/eglibc-3GlaMS/eglibc-2.19/malloc/arena.c
373 3
fe=(101)
29 3
cfi=(102)
cfn=(426) ptmalloc_init.part.7
calls=1 371 
* 58021
* 1
+4 1
-1 1
cfi=(100)
cfn=(423) malloc'2
calls=1 2876 
* 1186

fl=(88) /build/eglibc-3GlaMS/eglibc-2.19/string/../sysdeps/x86_64/multiarch/../strchr.S
fn=(380) __GI_strchr
24 2
+1 2
+1 2
+1 2
+1 2
+1 2
+1 2
+1 2
+1 2
+1 2
+1 2
+1 2
+1 2
+1 2
+1 2
+1 2
+1 2
+1 1
+4 1
+1 1
+1 1
+1 1
+2 1
+4 1
+1 1
+1 1
+1 1
+1 1
+1 1
+1 1
+1 1
+1 1
+1 1
+1 1
+1 1
+1 1
+1 1
+1 1
+1 1
+1 1
+1 1
+1 1
+1 1
+1 1
+1 1
+1 1
+1 1
+52 1
+4 1
+1 1
+1 1
+1 1
+2 1

fl=(90)
fn=(520)
97 3
cfi=(91)
cfn=(390)
calls=1 232 
* 271

fn=(388) strtol
108 4
cfi=(91)
cfn=(390)
calls=1 232 
* 102

fl=(42)
fn=(184)
140 1
+1 1
+4 1
+1 1
+1 1
+11 1

fn=(174)
114 1
+1 1
+1 1
cfi=(43)
cfn=(176) __init_cpu_features
calls=1 -62 
* 93
+3 1
+1 1
+1 1
+11 1

fl=(112) /build/eglibc-3GlaMS/eglibc-2.19/io/../sysdeps/unix/syscall-template.S
fn=(632) __write_nocancel
81 4555

fn=(512) read
81 2
cfn=(514) __read_nocancel
calls=1 * 
* 5

fn=(476) __open_nocancel
81 50

fn=(548) __close_nocancel
81 10

fn=(514)
81 5

fn=(630) write
81 1822
cfn=(632)
calls=911 * 
* 4555

fn=(474) open
81 20
cfn=(476)
calls=10 * 
* 50

fl=(140) /build/eglibc-3GlaMS/eglibc-2.19/stdlib/cmp.c
fn=(634) __mpn_cmp
42 4888
+2 2389
+1 2389
+1 4778
+8 11395

fl=(117) /build/eglibc-3GlaMS/eglibc-2.19/io/../sysdeps/unix/sysv/linux/wordsize-64/fxstat.c
fn=(502) _fxstat
34 10
-1 10
+1 10
+1 60
+4 10

fl=(139) /build/eglibc-3GlaMS/eglibc-2.19/stdlib/../sysdeps/x86_64/rshift.S
fn=(624) __mpn_rshift
29 8767
+1 8767
+1 8767
+13 8767
+1 8767
+16 8767
+1 8767
+1 8767
+1 8767
+1 8767
+1 8767
+1 8767
+5 8767
+1 8767
+1 8767
+1 8767
+1 8767

fl=(100)
fn=(564) _int_free
3814 22456
+13 2807
-13 2807
+13 5614
+6 11228
+1 5614
+11 11228
+13 8421
+75 5614
+1 8421
+18 2807
-4 2807
+4 5614
+6 5614
+8 8421
+6 5614
+1 5614
+1 5614
1869 8421
3983 5614
+7 5614
+5 2806
+13 1403
-1 1403
+2 2806
+7 1403
-2 1403
+1 1403
+1 1403
+2 1403
+1 1403
+2 1403
+1 1403
+2 4209
+1 1403
+30 5614
+1 2808
+3 4212
3943 19649
+2 5614
4075 8421
+1 8421
+1 11228
+10 22456
-88 2806
+37 1404
+1 4212
+1 2808
+23 7020
+2 4
cfn=(566) systrim.isra.1
calls=1 2736 
* 136
* 1
3960 8421
-2 5614

fn=(566)
2736 9
+10 2
+1 3
+2 1
+1 2
+1 1
+46 8
-37 4
cfi=(106) /build/eglibc-3GlaMS/eglibc-2.19/malloc/morecore.c
cfn=(444) __default_morecore
calls=1 46 
* 26
* 1
+1 4
-7 2
+19 1
-19 4
+19 2
cfi=(106)
cfn=(444)
calls=1 46 
* 26
+2 1
+1 1
-1 1
+1 2
+2 4
cfi=(106)
cfn=(444)
calls=1 46 
* 26
+4 2
+4 3

fn=(422) malloc
2876 22552
+5 11276
+1 11276
+3 11274
+2 45096
+4 16911
cfn=(440) _int_malloc
calls=5637 3302 
* 1004053
+1 5637
-1 5637
+1 5637
+11 22548
+1 31061
+3 28185
-24 1
+24 3
-24 1
cfi=(101)
cfn=(424)
calls=1 30 
* 59218

fn=(423)
2876 4
+5 2
+1 2
+3 2
+2 8
+4 3
cfn=(440)
calls=1 3302 
* 1145
+1 1
-1 1
+1 1
+11 4
+1 8
+3 5

fn=(562)
2917 11224
+1 11224
+6 11224
+5 5612
-2 5612
+2 11224
+16 8421
+1 5614
cfn=(564)
calls=2807 3814 
* 292067
-14 8415
+1 5610
+1 5610
+3 2805
2807 5610
+1 2805
+6 2805
-7 2805
+7 16830
+7 2805
+1 8415
+5 5610
cfi=(118) /build/eglibc-3GlaMS/eglibc-2.19/misc/../sysdeps/unix/syscall-template.S
cfn=(550) munmap
calls=2805 81 
* 14025

fn=(440)
3302 39466
+30 5638
-30 5638
+30 50742
+8 11276
+37 11276
+2 20
+1 20
+2 30
1862 1403
3743 1403
1862 2806
3806 50742
3421 45031
+1 11256
+1 3
cfn=(442) malloc_consolidate
calls=1 4104 
* 793
* 1
3790 1
4992 2
3790 3
+2 25
4990 1
+2 1
-2 3
3442 2
3790 5637
4992 11274
3790 16911
+2 140925
4990 5637
+2 5637
-2 16911
3442 11274
3560 8418
+7 1403
-6 1403
+1 1403
+1 1403
+1 1403
+3 1403
3442 21123
+3 1403
-1 1403
+1 2806
+1 2806
+3 1403
+10 2806
+34 1403
-5 1403
+1 1403
+4 1403
+13 2806
+8 5612
+1 1403
+1 1403
+3 2806
-5 5612
+43 5612
-43 12627
+62 11276
+73 4235
+1 4235
+1 4235
-1 4235
+1 4235
+1 8470
+1 8470
+5 25410
+4 12705
+3 40
-3 30
+3 40
-3 30
3765 4235
+3 4235
-2 12705
+2 8470
+17 5620
3578 11256
+3 19690
+3 2806
+1 7015
+6 4209
+3 1403
+1 1403
-1 1403
+1 15433
+3 2806
+3 1403
-1 1403
+1 4209
3421 58997
5000 2810
2271 11240
+11 2810
-11 2810
+11 11231
+15 14035
+6 5614
+66 3
-9 3
+9 15
+6 4
+3 9
2700 6
+1 3
+5 6
+3 6
+5 3
-3 3
+3 3
-2 3
+5 3
-3 9
+1 3
-1 3
-1 3
+1 6
+1 3
3801 5620
1862 8430
2272 6
3773 1425
-3 1425
+1 1425
+2 1425
-1 1425
+1 2850
+2 1425
-2 4275
1862 1425
3773 1425
+2 1425
+3 1425
1862 2850
2433 3
+19 6
-19 3
+9 3
+10 6
-10 3
+10 3
-10 9
+10 9
+8 3
-8 3
+8 3
+2 12
cfi=(106)
cfn=(444)
calls=3 46 
* 154
* 6
+4 15
+3 6
+1 6
+19 3
+27 6
+1 1
+1 2
+6 1
-6 1
+6 1
-6 4
+6 2
-6 2
+6 6
+1 12
+2 6
+42 3
+19 1
+3 2
+1 6
+2 1
-2 1
+2 1
+1 4
cfi=(106)
cfn=(444)
calls=1 46 
* 26
+12 3
+8 2
+1 3
+39 1
+1 1
-2 1
+1 3
+12 1
-12 1
+1 1
+11 1
2527 2
+42 3
2369 2
-64 22456
cfi=(118)
cfn=(504) mmap
calls=2807 81 
* 16842
+2 8421
+15 8421
+15 8421
+5 8421
+1 8425
+3 8421
+1 8425
3595 15433

fn=(442)
4104 8
+22 2
4996 1
4126 3
1785 1
+3 3
-3 128
+3 378
-3 252
+7 3
+5 1
+2 1
-2 1
4199 8
1796 3

fl=(105) /build/eglibc-3GlaMS/eglibc-2.19/nptl/../nptl/sysdeps/unix/sysv/linux/register-atfork.c
fn=(438) __linkin_atfork
116 2
+1 6
+2 1

fl=(99)
fn=(414)
39 1
-6 4
+6 2
+1 4
+6 2
+1 1

fl=(109) /build/eglibc-3GlaMS/eglibc-2.19/libio/iofopen.c
fn=(458) __fopen_internal
65 60
+8 10
-8 20
+8 10
cfi=(100)
cfn=(422)
calls=10 2876 
* 1780
cob=(1)
cfi=(51)
cfn=(204)
calls=1 -39 
* 764
* 14
+2 10
-2 10
+2 10
+3 10
+3 50
-3 10
+3 10
cfi=(110)
cfn=(464) _IO_no_init
calls=10 643 
* 580
+4 10
+1 10
-1 10
+1 10
cfi=(111)
cfn=(468) _IO_file_init@@GLIBC_2.2.5
calls=10 +57 
* 950
+4 50
cfi=(111)
cfn=(472) _IO_file_fopen@@GLIBC_2.2.5
calls=10 254 
* 1129
* 10
+1 10
-1 10
+6 50
-5 10
cfn=(480) __fopen_maybe_mmap
calls=10 -49 
* 40

fn=(456) fopen@@GLIBC_2.2.5
103 20
cfn=(458)
calls=10 -38 
* 5647

fn=(480)
42 10
-2 10
+2 10
+15 10

fl=(47)
fn=(186)
31 1
-1 1
fi=(45) /build/eglibc-3GlaMS/eglibc-2.19/time/../sysdeps/generic/dl-hash.h
+14 1
fe=(47)
-13 2
fi=(45)
+14 1
fe=(47)
-14 1
fi=(45)
+12 1
+5 3
+1 2
+13 2
-17 3
+3 9
+1 6
+13 6
-17 9
+22 1
fe=(47)
-36 2
+3 2
-3 1
+3 1
cfi=(46)
cfn=(182)
calls=1 -7 
* 7
+1 3
+1 3

fl=(102)
fn=(426)
371 6
+13 1
-8 1
+8 1
+7 2
+1 2
-1 1
+1 10
cfi=(105)
cfn=(438)
calls=1 116 
* 9
+2 5
+16 2
-74 122
+16 61
-18 186
455 2
+6 2
+1 2
+2 1
+1 7
-80 5
cfi=(103) /build/eglibc-3GlaMS/eglibc-2.19/elf/dl-addr.c
cfn=(428) _dl_addr
calls=1 126 
* 57579
* 2
+1 4
-49 4
+1 4

fl=(130) /build/eglibc-3GlaMS/eglibc-2.19/stdio-common/printf_fp.c
fn=(612) hack_digit.13629
231 574704
+3 494462
+2 430998
+7 38733
+20 38733
cfi=(134)
cfn=(614)
calls=12911 32 
* 258220
+1 25822
+1 49285
+4 64555
-22 77466
cfi=(141)
cfn=(636)
calls=12911 56 
* 609304
+1 51644
+4 12911
-4 12911
+1 12911
+2 12911
+1 77466
-14 261510
+1 130755
-1 130755
+1 261510
-1 130755
+1 130755
cfi=(134)
cfn=(614)
calls=130755 32 
* 2615196
* 130755
+30 784530
-35 4158
+35 25872

fn=(604) __printf_fp
161 177570
+54 17757
-21 17757
+2 17757
+19 53271
+59 17757
-59 35514
+59 17757
+2 17757
+24 17757
-24 35514
+24 17757
-24 35514
+1 17757
-1 17757
+1 17757
+23 17757
+42 17757
176 17757
-1 17757
349 17757
+2 17757
-2 17757
+47 53271
+4 17757
cfi=(131) /build/eglibc-3GlaMS/eglibc-2.19/math/../sysdeps/ieee754/dbl-64/wordsize-64/s_isnan.c
cfn=(606) isnan
calls=17757 27 
* 124299
* 35514
+15 35514
cfi=(132) /build/eglibc-3GlaMS/eglibc-2.19/math/../sysdeps/ieee754/dbl-64/wordsize-64/s_isinf.c
cfn=(608) isinf
calls=17757 20 
* 230841
* 53271
+56 17757
+12 17757
-12 106542
+1 17757
+1 17757
+1 17757
+1 71028
+1 35514
+1 17757
-2 17757
+1 17757
-1 17757
+1 17757
+1 35514
+7 17757
-7 17757
+7 17757
+9 4797
+15 3198
-3 15990
+37 1959
+1 11754
cfi=(94)
cfn=(400)
calls=1959 61 
* 45057
+15 7717
+11 880
-2 880
+2 21667
-2 19907
+2 59002
-56 19188
+4 95940
-4 1599
+4 7995
+2 4558
+32 320
-2 2240
cfi=(138)
cfn=(622)
calls=320 57 
* 22400
+4 2240
1264 142056
431 159813
cfi=(133)
cfn=(610)
calls=17757 35 
* 372897
+4 17757
-4 17757
+4 53271
+68 9594
-2 14391
cfi=(95)
cfn=(404)
calls=1599 29 
* 23985
+3 14391
+1 1599
-1 1599
+1 1599
+1 9594
+52 9116
cfi=(140)
cfn=(634)
calls=2279 42 
* 25839
* 4558
+3 6995
cfi=(94)
cfn=(400)
calls=1399 61 
* 32177
+1 4197
+1 4197
+1 1399
-2 1399
+1 1399
+1 5596
+6 1599
+6 6396
-6 1599
+6 1599
+4 9793
+35 8394
+16 2798
+2 1399
-2 2798
+2 1399
-2 4197
cfi=(139)
cfn=(624)
calls=1399 29 
* 23783
+16 4197
-1 1399
+1 5596
cfi=(139)
cfn=(624)
calls=1399 29 
* 23783
+3 12591
828 1399
+10 1399
-10 1399
+10 5596
+2 1399
-2 1399
+2 1399
-12 16358
+10 16358
-10 16358
+10 65432
+2 16358
-2 16358
+2 16358
+10 4800
+48 17757
-61 17757
+61 35514
+14 71028
+1 17757
-1 35514
+7 35514
fi=(119)
28 35514
fe=(130)
929 17757
-8 17757
-1 17757
+9 88785
+1 35514
+3 61225
+3 194238
+3 35316
cfn=(612)
calls=17658 231 
* 901229
* 3438
cfn=(612)
calls=1719 231 
* 200281
* 38754
-3 162360
+6 35316
+1 52974
+2 35316
-4 17658
+4 70929
+12 53271
+1 319626
+1 372897
+1 35514
+3 106542
-1 106542
+2 106542
-1 106542
cfn=(612)
calls=106542 231 
* 5442165
* 106542
+1 213084
+2 235995
-6 71028
+15 53271
+1 71028
cfn=(612)
calls=17757 231 
* 905912
+2 88496
+1 17468
-1 17468
+2 40575
+3 13525
-4 13525
+4 13525
+5 13122
-1 13122
+1 149528
fi=(135) /build/eglibc-3GlaMS/eglibc-2.19/stdio-common/../sysdeps/generic/get-rounding-mode.h
93 11480
+1 45920
-1 6277
+1 42865
fe=(130)
1094 53271
+7 35514
+3 35514
+13 53271
+2 46071
+19 15357
+1 92142
+4 46071
-1 2
+2 2
-1 2
+9 4
+1 1
-1 1
+1 1
-1 3
+1 4
+1 3
+2 1
-2 1
+2 1
+1 46071
+6 106542
+2 106542
+2 17757
-2 17757
+2 106542
655 32316
822 48724
cfi=(95)
cfn=(404)
calls=12181 29 
* 182715
+1 60905
+1 24362
208 17757
1170 35514
+7 71028
+9 53271
+6 53271
+4 53271
cfi=(87)
cfn=(378)
calls=17757 66 
* 284112
+2 17757
-2 17757
+2 53271
+5 17757
+1 35514
-1 17757
+2 35514
+11 88785
+1 17757
+6 17757
-6 17757
+6 230841
+3 374894
+3 374894
-6 615612
+1 615612
+1 53271
cfi=(137) /build/eglibc-3GlaMS/eglibc-2.19/string/../sysdeps/x86_64/memcpy.S
cfn=(620) __GI_mempcpy
calls=17757 61 
* 319626
* 35514
fi=(135)
94 35514
fi=(136) /build/eglibc-3GlaMS/eglibc-2.19/stdio-common/../include/rounding-mode.h
-42 35514
fe=(130)
995 7148
fi=(136)
52 3574
fe=(130)
995 7148
+5 7148
+5 21444
+2 8150
-2 16300
+3 8150
-3 39712
+5 7202
+1 36
+1 7148
+2 7112
+11 17834
842 15357
+2 61428
+9 15456
+2 15456
-1 15456
+10 15456
-11 30912
1172 53271
853 2400
-1 2400
+1 7200
+3 7200
+2 2301
-3 2301
-1 2301
+6 2301
-2 2301
+2 2301
-7 2301
+5 2301
-5 4602
584 2798
+2 1399
-2 1399
+2 1399
980 403
+2 403
-2 1209
-29 99
+2 99
-1 99
832 99
951 99
+2 297
1233 35514
-1 17757
+18 53271
+3 35514
+7 53271
663 15908
cfi=(95)
cfn=(404)
calls=3977 29 
* 59655
+1 3977
+4 3977
-8 3977
-1 3977
-1 3977
+30 3977
-24 3977
+4 3977
-4 11931
+52 3977
-49 3977
+1 3977
+48 7954
-43 3977
+2 7954
-2 42333
+2 84666
+7 4457
+2 4457
-1 4457
-1 17828
+9 4457
+13 4457
-13 22285
+4 4457
-4 4457
+4 4457
+1 8914
-1 4457
+1 4457
+1 4457
-1 4457
-1 4457
+1 4457
-1 4457
+1 8914
+8 13371
+22 17270
+8 3899
+1 7798
+8 3899
-8 7798
+5 3899
-6 3899
+6 11697
+3 7798
-9 154
+1 308
+8 154
-8 308
+5 154
-6 154
+6 462
+3 308
+1 8106
+10 4053
-3 4053
+3 20265
+12 4052
+10 16208
cfi=(139)
cfn=(624)
calls=4052 29 
* 68884
* 4052
+3 8104
+7 4052
-2 4052
+2 50362
-2 42258
+2 173316
+24 11931
-83 1674
+1 440
-1 1320
+2 286
+1 12
-42 26742
cfi=(138)
cfn=(622)
calls=4457 57 
* 311990
* 4457
+18 880
+4 440
-2 440
+2 2200
1250 71028
-76 35514
+1 106542
865 2669
612 2798
788 7797
+4 9585
cfi=(134)
cfn=(614)
calls=1917 32 
* 61344
+4 1917
+1 1917
-4 1917
+3 1917
+1 7668
+9 1917
+1 3834
936 15357
-92 30714
1250 2586594
1015 72
+14 72
+2 125
+1 1
-1 3
+9 2
+44 4
-48 2451
853 4800
1168 36
-20 61424
805 7668
cfi=(139)
cfn=(624)
calls=1917 29 
* 32589
* 1917
-45 4
+1 1
-1 1
cfi=(95)
cfn=(404)
calls=1 29 
* 19
+2 1
-1 2
+1 2
-19 20265
1051 2
+5 1
-5 1
+26 2
+1 2
623 17757
1199 35514
580 5596
1119 10438
1250 255
cfi=(110)
cfn=(626) __overflow
calls=51 241 
* 7293
* 204

fl=(82)
fn=(360)
26 1
+9 1
+1 2
+1 1
+4 1
+1 1
+1 1
+1 1
+1 1
+2 2
+2 1
+1 1
+3 2
+2 1
+9 1
cfi=(83) /build/eglibc-3GlaMS/eglibc-2.19/setjmp/sigjmp.c
cfn=(362) __sigjmp_save
calls=1 -35 
* 9

fl=(110)
fn=(544) _IO_unsave_markers
1119 2
+2 2
-2 2
+2 2
+19 6
+2 4

fn=(470) _IO_link_in
99 80
+1 60
+4 10
-2 20
+2 50
+1 100
+2 10
-2 10
+1 10
+1 10
-2 10
+2 10
-2 10
+2 140
+2 10
-2 10
+4 10
+2 10
-3 10
-1 10
+4 70
+2 10
-1 10
+1 80
+1 20
+3 80
-6 70

fn=(490)
363 1
+2 1
-2 1
+2 2
+6 5
+3 2
+2 2
+6 2
+7 2
+1 1
-1 2
cfn=(492) _IO_default_uflow
calls=1 +46 
* 191
-24 2
+22 3

fn=(556) _IO_default_finish
686 4
+2 6
+6 6
+3 6
+6 2
+6 2
-6 2
cfn=(540)
calls=2 60 
* 20

fn=(466) _IO_old_init
626 10
-16 10
+1 10
+15 10
+5 10
-21 10
+2 10
+1 10
+1 10
+17 10
-16 10
+1 10
+1 10
+1 10
+1 10
+1 10
+2 10
+1 10
+1 10
+1 10
+6 10
+1 40

fn=(492)
435 1
-1 2
+1 1
cfi=(111)
cfn=(494) _IO_file_underflow@@GLIBC_2.2.5
calls=1 552 
* 179
+1 2
+2 4
+1 2

fn=(506) _IO_setb
399 60
+1 52
+3 12
+2 48
-3 12
+3 24
+3 48
-7 14
cfi=(118)
cfn=(550)
calls=2 81 
* 10
* 8

fn=(508) _IO_switch_to_get_mode
183 2
-1 2
+1 1
+3 3
+5 1
-1 2
+1 1
+7 1
-4 1
+2 2
+2 1
+1 1
+1 2

fn=(590) _IO_default_xsputn
447 868
+4 868
-1 868
-3 4340
+3 4340
+20 10404
+5 6
-1 3
+1 1
-1 1
+1 1
-1 1
+1 2601
+3 867
+2 1734
-2 1
+2 2
-25 3472
+2 2604
+3 1736
+3 2
+5 1
-5 1
cfi=(137)
cfn=(620)
calls=1 61 
* 50
* 2
+21 1736
+1 5208
-11 1732
+1 2598
-1 1732
+1 2127
-1 2284

fn=(464)
643 90
+1 10
cfn=(466)
calls=10 -18 
* 250
+3 10
-2 10
+2 10
+2 10
+1 10
+1 10
+1 10
+1 10
+1 10
+1 10
+1 10
+1 10
+1 10
+1 10
+1 10
+2 10
+7 10
+1 60

fn=(496) _IO_doallocbuf
414 30
+1 10
-1 10
+1 10
+6 40
-4 30
+1 30
cfi=(116) /build/eglibc-3GlaMS/eglibc-2.19/libio/filedoalloc.c
cfn=(498) _IO_file_doallocate
calls=10 96 
* 830
* 20

fn=(540)
60 24
+1 12
+4 12
+1 20
+2 2
-2 2
+1 2
+1 38
+2 6
+2 4
+13 2
+2 2
-2 2
+2 8
+2 2
-1 2
+1 12
+1 4
+3 24
-6 12
-13 2
+1 2
-1 4

fn=(516)
726 2
+3 2
-3 2
+3 4
+1 4
+9 2
+3 4
-10 2
+1 2
-1 4

fn=(626)
241 153
+2 153
cfi=(111)
cfn=(586) _IO_file_overflow@@GLIBC_2.2.5
calls=51 824 
* 6987

fl=(127) /build/eglibc-3GlaMS/eglibc-2.19/stdio-common/fprintf.c
fn=(598) fprintf
27 2052447
+4 17757
+1 17757
-1 88785
+1 17757
cfi=(128) /build/eglibc-3GlaMS/eglibc-2.19/stdio-common/vfprintf.c
cfn=(600) vfprintf
calls=17757 235 
* 31174166
-1 255156
+1 255156
-1 1275780
+1 255156
cfi=(128)
cfn=(600)
calls=255156 235 
* 451861648
+4 545826

fl=(87)
fn=(378)
66 17759
+1 17759
+1 17759
+1 17759
+1 17759
+1 17759
+1 17759
+2 17759
+2 17759
+30 17759
+1 17759
+1 17759
+1 17759
+1 17759
+1 17759
+1 17759

fl=(114) /build/eglibc-3GlaMS/eglibc-2.19/stdio-common/isoc99_fscanf.c
fn=(486) __isoc99_fscanf
26 10
+4 16
+3 1
-2 1
+3 4
-1 5
+1 1
cfi=(115)
cfn=(488)
calls=1 214 
* 1153
fi=(120) /build/eglibc-3GlaMS/eglibc-2.19/stdio-common/../libio/libioP.h
913 1
+1 1
fe=(114)
34 1
fi=(120)
914 1
+1 8
fe=(114)
39 4

fl=(48)
fn=(190)
49 1
-49 12

fl=(83)
fn=(362)
29 2
-1 2
+1 2
+5 3

fl=(70) /build/eglibc-3GlaMS/eglibc-2.19/misc/init-misc.c
fn=(276) __init_misc
30 4
+1 5
+2 3
cfi=(71)
cfn=(278)
calls=1 -9 
* 24
+4 5
+1 3
+2 4

fl=(80) /build/eglibc-3GlaMS/eglibc-2.19/stdlib/cxa_atexit.c
fn=(340) __cxa_atexit
57 6
-22 2
cfn=(342) __new_exitfn
calls=1 +38 
* 38
+2 2
+4 1
+3 1
+1 1
-4 2
+2 1
+4 1
+1 1
+11 4

fn=(342)
73 1
+6 2
-6 3
+6 4
+2 4
-7 2
+9 3
-2 1
+10 1
-10 3
+45 1
+1 1
+3 4
+3 5
-21 1
+1 2

fl=(106)
fn=(444)
46 7
+1 7
cfi=(107)
cfn=(446)
calls=7 -13 
* 202
+2 21
+3 21

fl=(108)
fn=(448)
31 4
-3 4
+3 28
+8 4
-6 8
+7 4

fl=(132)
fn=(608)
20 17757
+1 17757
-2 17757
+1 17757
+3 17757
-2 17757
+1 53271
+1 53271
+1 17757

fl=(143) /build/eglibc-3GlaMS/eglibc-2.19/libio/fputc.c
fn=(646) fputc
34 18
+3 18
-3 36
+3 270
+1 126
fi=(123)
904 36
+1 144
fe=(143)
41 54

fl=(75)
fn=(290)
33 3
+1 1

fl=(116)
fn=(498)
96 50
+15 60
cfi=(111)
cfn=(500) _IO_file_stat
calls=10 1222 
* 140
* 20
+2 40
+11 60
+4 60
cfi=(118)
cfn=(504)
calls=10 -47 
* 60
* 20
+1 50
cfi=(110)
cfn=(506)
calls=10 399 
* 210
+1 10
+1 50

fl=(43)
fn=(176)
54 1
-9 1
+9 1
+3 1
-3 1
+3 5
+95 2
+1 7
+7 3
+4 2
+2 3
+18 2
+5 1
+1 1
+2 1
+1 2
-9 4
+1 5
+1 2
-16 2
+1 1
+2 2
+3 2
31 2
+6 1
-6 1
+7 1
-1 1
+28 1
-27 1
+27 1
-28 1
+2 1
-1 1
+1 1
+26 1
+1 1
-35 4
+35 1
+5 1
-12 1
+12 1
+3 12
+27 1
-42 1
+42 1
+22 1
-64 1
+68 1

fn=(210)
200 42
+4 28

fl=(111)
fn=(510) _IO_file_read
1204 4
cfi=(112)
cfn=(512)
calls=1 81 
* 7

fn=(500)
1222 10
+1 30
cfi=(117)
cfn=(502)
calls=10 34 
* 100

fn=(554)
202 2
+1 2
-1 2
+1 2
+6 4
+1 2
-1 2
cfi=(110)
cfn=(556)
calls=2 686 
* 48

fn=(586)
824 3676
+1 2757
+7 6397
+35 1838
+3 102
+3 153
+1 153
+1 102
+4 51
+1 204
-45 18
+12 18
+9 36
+8 9
-4 9
+3 18
-2 18
-3 9
+1 18
+5 9
-1 9
+1 27
+7 357
-3 868
+1 868
+11 2604
-12 868
cfn=(588) _IO_do_write@@GLIBC_2.2.5
calls=868 509 
* 80022
-31 18
cfi=(110)
cfn=(496)
calls=9 414 
* 909
+1 54
+33 153
cfn=(588)
calls=51 509 
* 4743
* 153

fn=(628) _IO_file_write@@GLIBC_2.2.5
1254 6377
+2 4555
+11 911
+1 911
-12 1822
+5 911
-1 2733
+1 1822
cfi=(112)
cfn=(630)
calls=911 81 
* 6377
+1 1822
+9 2733
+3 8199

fn=(584) _IO_file_xsputn@@GLIBC_2.2.5
1281 2300913
+7 2300913
-7 16106391
+6 4601826
+7 12167928
+17 8111952
+1 4054968
+3 8109936
+5 8109936
cfi=(137)
cfn=(620)
calls=2027484 61 
* 37639360
* 2027484
+6 2027484
-1 2027484
+1 4054968
+2 6082452
+27 4055976
+1 18407304
-45 1008
+17 1512
+4 3472
cfn=(586)
calls=868 824 
* 100261
* 1736
+6 1736
+1 5208
+2 2604
+11 1736
+1 3472
cfi=(110)
cfn=(590)
calls=868 447 
* 52191
* 1736

fn=(468)
143 10
+4 10
-4 30
+5 10
-1 10
+3 10
cfi=(110)
cfn=(470)
calls=10 -51 
* 820
+1 10
+1 40

fn=(542)
158 6
+2 2
-2 2
+2 4
+4 2
+3 2
-3 2
-1 4
+6 2
+3 2
-3 2
cfi=(110)
cfn=(544)
calls=2 1119 
* 18
+3 4
+4 6
+9 10
cfi=(110)
cfn=(506)
calls=2 399 
* 78
+1 4
+3 2
-3 2
+1 6
+2 2
cfi=(110)
cfn=(540)
calls=2 60 
* 20
+5 4
-4 2
+1 2
+1 2
+2 2
+1 8
-23 6
cfn=(546) _IO_file_close
calls=2 1245 
* 14
* 4
-7 7
cfn=(588)
calls=1 509 
* 93
* 2

fn=(588)
509 920
+2 920
-2 4600
+2 1840
+1 54
+11 3644
+7 3644
+8 4555
cfn=(628)
calls=911 1254 
* 39173
* 911
+1 2733
+6 911
-4 911
+4 911
-4 2733
+1 1822
+3 1822
-34 1822
+32 911
-32 911
+1 3644
-1 911
+1 1822
+32 2733

fn=(472)
254 90
+11 20
+2 68
+9 9
-2 9
+1 27
-20 9
+37 36
-17 2
-20 1
+37 84
+41 10
224 10
+1 20
-1 10
+4 10
cfi=(112)
cfn=(474)
calls=10 81 
* 70
* 10
+4 20
+3 10
-1 10
+1 20
+1 20
-1 10
+1 10
+7 20
cfi=(110)
cfn=(470)
calls=10 99 
* 110
353 30
cfi=(113) /build/eglibc-3GlaMS/eglibc-2.19/string/../string/strstr.c
cfn=(478) __GI_strstr
calls=10 53 
* 250
+1 10
-1 10
+1 10
-83 1
-1 1
-15 2
431 10
-77 10
+77 70

fn=(494)
552 4
+8 3
+6 3
+3 2
+13 2
+20 2
cfi=(110)
cfn=(508)
calls=1 183 
* 20
+6 1
+5 4
-5 2
+1 1
+2 1
-1 2
+3 1
cfn=(510)
calls=1 1204 
* 11
+2 2
+10 1
-3 1
+3 2
+2 2
+1 4
-56 3
+5 2
cfi=(110)
cfn=(496)
calls=1 414 
* 101
* 2

fn=(546)
1245 4
cfi=(112)
cfn=(548)
calls=2 81 
* 10

fl=(113)
fn=(478)
53 80
+10 30
+2 20
+1 10
+23 80
-26 10
-5 20

fl=(131)
fn=(606)
27 28067757
-1 28067757
+1 28067757
+1 56135514
+1 28067757
+1 28067757

fl=(95)
fn=(404)
29 17760
+1 17760
+2 17760
+1 17760
+1 17760
+12 17760
+1 17760
+1 17759
+1 17759
+1 17759
+1 17759
+1 17759
+6 17759
+1 17759
+1 17759
+3 1
+1 1
+1 1
+1 1
+1 1
+1 1
+1 1
+5 1
+1 1
+1 1
+1 1
+1 1

fl=(79) /build/eglibc-3GlaMS/eglibc-2.19/csu/libc-start.c
fn=(338) (below main)
133 7
+4 1
-4 3
+4 3
+82 1
-82 1
+82 1
+1 4
cfi=(80)
cfn=(340)
calls=1 57 
* 60
+22 6
+3 2
+1 5
cob=(8)
cfi=(78)
cfn=(344) __libc_csu_init
calls=1 0 
* 55
+4 4
+15 2
+9 2
cfi=(81)
cfn=(358)
calls=1 30 
* 29
+1 2
+5 2
+1 2
+3 2
+3 6
cob=(8)
cfi=(84) /home/jacob/Documents/divergence-metrics-master/WindowMetrics.c
cfn=(364) main
calls=1 160 
* 11439527699221
137 2

fl=(92) /build/eglibc-3GlaMS/eglibc-2.19/stdlib/strtod.c
fn=(396) strtod
69 4
cfi=(93)
cfn=(398)
calls=1 494 
* 569

fl=(137)
fn=(620)
61 2045242
+4 2045242
+3 2045242
+1 2045242
+2 1728928
+1 1728928
+2 1728928
+1 1728928
+5 1728928
+1 1728928
-1 316314
+1 316314
+2 295352
+1 295352
+2 295352
+1 295352
+5 295352
+1 295352
-1 1749890
+1 1749890
+2 307107
+1 307107
+2 307107
+1 307107
+5 307107
+1 307107
-1 1738135
+1 1738135
+2 4
+1 4
+2 4
+1 8
+5 4
+1 4
-1 2045238
+1 2045242
+5 4
+1 4
+1 4
+1 4
+2 4
+2 4
+1 4
+2 4
+6 2045242
+4 2045242
+12 2
+2 2
+1 2
+26 2
+1 2
+3 2
+1 2
+1 2
+5 2
+2 2
+1 2
+1 2
+1 2
+2 2
+1 2
+1 2
+1 2
+2 2
+1 2
+2 2
+22 2
+2 2

fl=(103)
fn=(428)
126 9
+5 1
-5 2
+5 2
cob=(1)
cfi=(2)
cfn=(46)
calls=1 838 
* 2
+2 2
cob=(1)
cfi=(104)
cfn=(436)
calls=1 +49 
* 53
cob=(1)
cfi=(51)
cfn=(204)
calls=1 -99 
* 1472
* 5
+2 2
30 1
+1 1
-1 1
+1 1
+3 2
+5 1
+6 1
-7 1
+2 2
+2 1
-2 1
+2 1
+3 1
+5 7
+2 1
+1 2
-1 1010
+1 2020
+2 4927
+6 11060
+2 8848
+1 16231
+7 2212
-2 2212
+2 5435
-21 2022
+49 3
+1 1
+1 3
+3 2
+37 3
cob=(1)
cfi=(2)
cfn=(48)
calls=1 844 
* 2
+3 9
-28 1
+1 1
+21 2

fl=(126) /build/eglibc-3GlaMS/eglibc-2.19/libio/iofwrite.c
fn=(582) fwrite
35 57
+1 38
-1 76
+4 38
+2 342
+1 79
fi=(123)
904 38
+1 57
fe=(126)
49 38
-7 8
+1 40
cfi=(111)
cfn=(584)
calls=8 1281 
* 2421
* 55
cfi=(111)
cfn=(584)
calls=11 1281 
* 821
* 76
+10 19
-3 19
+3 95
fi=(123)
905 114
fe=(126)

fl=(142) /build/eglibc-3GlaMS/eglibc-2.19/stdio-common/_itoa.c
fn=(638) _itoa_word
168 4020448
+2 2010224
+9 28968128
+9 2010224

fl=(67)
fn=(270)
52 8
+6 3
+14 1
fi=(68) /build/eglibc-3GlaMS/eglibc-2.19/csu/../sysdeps/generic/dl-hash.h
-28 1
fe=(67)
+26 1
+1 1
fi=(69) /build/eglibc-3GlaMS/eglibc-2.19/csu/../sysdeps/unix/sysv/linux/x86_64/init-first.c
-33 1
fi=(68)
+7 1
fi=(69)
-7 1
fe=(67)
+34 1
fi=(69)
-34 2
fi=(68)
+5 1
+5 3
+1 2
+13 2
-17 3
+3 9
+1 6
+13 6
-17 9
+22 1
fi=(69)
-29 2
+2 2
-2 1
+2 2
cfi=(46)
cfn=(182)
calls=1 -13 
* 7
+1 2
+5 2
-3 2
+1 1
+2 1
cfi=(46)
cfn=(182)
calls=1 -19 
* 7
fe=(67)
+40 1
fi=(69)
-36 1
fe=(67)
+36 2
fi=(69)
-36 2
+1 2
+1 1
fe=(67)
+34 1
cfi=(70)
cfn=(276)
calls=1 -56 
* 48
+8 1
cfi=(72) /build/eglibc-3GlaMS/eglibc-2.19/ctype/ctype-info.c
cfn=(280) __ctype_init
calls=1 -63 
* 16
+5 6
-34 1
-7 1
+7 4
fi=(69)
-23 2
fe=(67)

fl=(44)
fn=(178)
37 1
-1 1
fi=(45)
+8 1
fe=(44)
-7 2
fi=(45)
+8 1
fe=(44)
-8 1
fi=(45)
+6 1
+5 3
+1 2
+13 2
-17 3
+3 9
+1 6
+13 6
-17 9
+22 1
fe=(44)
-30 2
+3 2
-3 1
+3 1
cfi=(46)
cfn=(182)
calls=1 -13 
* 7
* 3
+1 3

fl=(89) /build/eglibc-3GlaMS/eglibc-2.19/stdlib/atoi.c
fn=(386) atoi
26 1
+1 3
cfi=(90)
cfn=(388)
calls=1 +81 
* 106
+1 2

fl=(128)
fn=(600)
235 3002043
+35 818739
1295 818740
+4 1364565
+11 545826
+11 272913
fi=(148) /build/eglibc-3GlaMS/eglibc-2.19/stdio-common/printf-parse.h
108 545826
fe=(128)
1321 1364565
fi=(148)
108 272913
cfi=(129)
cfn=(602)
calls=272913 -84 
* 9366677
fe=(128)
1336 272913
fi=(148)
108 272913
fe=(128)
1332 272913
+4 545826
+4 1910391
cfi=(111)
cfn=(584)
calls=272913 -59 
* 6344789
* 818739
2098 1364565
+3 272913
+1 2183304
1295 545824
+41 1910391
+1 4093695
2098 1364565
+1 818739
1340 545826
+4 272913
-4 272913
+4 545826
+4 1910391
283 272913
-6 272913
-3 272913
1325 272913
-8 272913
240 272913
1396 8182952
-3 1022869
-1 1022869
-17 1022869
+1 1022869
+1 1022869
+1 1022869
+1 1022869
+1 1022869
+1 1022869
+1 1022869
+1 1022869
+1 1022869
+1 1022869
+3 1022869
+1 1022869
1580 2045738
-21 3068607
1396 9205821
2091 545826
+2 545826
+2 545826
1680 2045738
+8 1022869
fi=(148)
108 2045738
fe=(128)
1688 1022869
fi=(148)
108 1022869
fe=(128)
1688 1022869
fi=(148)
108 1022869
cfi=(129)
cfn=(602)
calls=1022869 -84 
* 45659931
fe=(128)
1692 1022869
-4 1022869
+4 9205821
cfi=(111)
cfn=(584)
calls=1022869 1281 
* 67894140
* 1022869
-10 1022869
+10 11251559
+2 1022869
-2 1022869
+2 1022869
-16 2249868
-18 50129160
cfi=(111)
cfn=(584)
calls=1005112 1281 
* 68121776
* 19097128
cfi=(142)
cfn=(638)
calls=1005112 168 
* 37009024
* 41202887
cfi=(130)
cfn=(604)
calls=17757 161 
* 24088463
* 213084
-27 4037772
-1 475032

fl=(72)
fn=(280)
31 5
+2 1
-2 2
+2 3
+2 5

fl=(118)
fn=(504)
81 14085
+1 2817

fn=(550)
81 11228
+1 2807

fl=(85) /build/eglibc-3GlaMS/eglibc-2.19/posix/getopt.c
fn=(416) exchange
191 1
+2 1
-2 2
+1 1
-1 1
+3 1
-2 1
-1 2
+3 1
-3 3
+33 4
+2 6
+24 11
+2 1
+1 2
+1 2
-4 2
+8 1
-34 2
+42 1
-2 1
+1 1
+1 1
-2 1
+2 1
-2 2
+2 4

fn=(370) getopt
1188 3
+1 15
cfn=(372) _getopt_internal
calls=3 -20 
* 981
+4 6

fn=(372)
1169 6
+3 9
+1 9
+2 15
cfn=(374) _getopt_internal_r
calls=3 394 
* 909
+4 3
+1 3
-1 3
+1 6
+1 9
+3 9

fn=(374)
394 30
+3 3
-3 12
+1 3
-1 3
+1 3
+2 3
+5 3
-2 3
+2 6
282 1
-4 2
+2 1
+2 1
cfi=(86)
cfn=(376)
calls=1 35 
* 416
* 1
+4 1
-4 4
+4 3
+5 2
+6 5
408 2
+5 1
+14 1
-14 2
+14 1
-14 1
+14 1
-14 2
+14 2
-14 4
+14 2
-14 2
+14 2
+94 4
826 2
+1 2
-1 6
+1 6
cfi=(88)
cfn=(380)
calls=2 24 
* 70
+3 6
+3 6
1163 16
402 9
+8 12
+23 9
+2 9
+3 6
+24 14
+21 2
+1 1
1163 1
485 1
1163 7
491 6
+12 6
-1 6
833 4
+37 6
1095 4
443 9
+1 3
+1 3
cfn=(416)
calls=1 191 
* 57
* 1
+7 18
+1 4
-1 2
+1 2
-1 18
+10 3
-8 3
+8 6
1097 2
+3 2
-3 2
+15 4
+5 2
-3 4
+44 2
+3 6
446 4
+1 2

ob=(6)
fl=(76)
fn=(308)
0 16

ob=(8)
fl=(78)
fn=(344)
0 16
cob=(2)
cfi=(14)
cfn=(346) 0x0000000000400a90
calls=1 0 
0 6
0 7
cfn=(350) 0x0000000000400ce0
calls=1 0 
0 15
0 11

fn=(330)
0 11
cob=(3)
cfi=(79)
cfn=(338)
calls=1 133 
0 11439527699423
cob=(1)
cfi=(51)
cfn=(204)
calls=1 34 
0 1301
0 5

fn=(350)
0 15

fl=(84)
fn=(640) openDataRecordingFiles
971 3
+4 3
cob=(3)
cfi=(109)
cfn=(456)
calls=1 103 
* 490
* 1
* 1
+1 6
cob=(3)
cfi=(126)
cfn=(582)
calls=1 35 
* 376
* 1
+3 3
cob=(3)
cfi=(109)
cfn=(456)
calls=1 103 
* 490
* 1
* 1
+1 6
cob=(3)
cfi=(126)
cfn=(582)
calls=1 35 
* 153
* 1
+3 3
cob=(3)
cfi=(109)
cfn=(456)
calls=1 103 
* 490
* 1
* 1
+1 6
cob=(3)
cfi=(126)
cfn=(582)
calls=1 35 
* 358
* 1
+1 2
+1 14400
cob=(3)
cfi=(127)
cfn=(598)
calls=2400 27 
* 1371215
* 2400
-1 9603
+3 2
+1 4
+1 33600
cob=(3)
cfi=(127)
cfn=(598)
calls=4800 27 
* 4491057
* 4800
-1 19206
-1 8
+5 4
cob=(3)
cfi=(143)
cfn=(646)
calls=1 34 
* 39
cob=(1)
cfi=(51)
cfn=(204)
calls=1 34 
* 1164
* 5
+3 3
cob=(3)
cfi=(109)
cfn=(456)
calls=1 103 
* 490
* 1
* 1
+1 3
cob=(3)
cfi=(109)
cfn=(456)
calls=1 103 
* 490
* 1
* 1
+1 3
cob=(3)
cfi=(109)
cfn=(456)
calls=1 103 
* 490
* 1
* 1
+1 3
cob=(3)
cfi=(109)
cfn=(456)
calls=1 103 
* 490
* 1
* 1
+2 6
cob=(3)
cfi=(126)
cfn=(582)
calls=1 35 
* 358
* 1
+1 6
cob=(3)
cfi=(126)
cfn=(582)
calls=1 35 
* 358
* 1
+1 6
cob=(3)
cfi=(126)
cfn=(582)
calls=1 35 
* 358
* 1
+1 6
cob=(3)
cfi=(126)
cfn=(582)
calls=1 35 
* 358
* 1
+2 2
+1 4
+1 840
cob=(3)
cfi=(127)
cfn=(598)
calls=120 27 
* 110028
* 120
+1 840
cob=(3)
cfi=(127)
cfn=(598)
calls=120 27 
* 110028
* 120
+1 840
cob=(3)
cfi=(127)
cfn=(598)
calls=120 27 
* 110028
* 120
+1 840
cob=(3)
cfi=(127)
cfn=(598)
calls=120 27 
* 110028
* 120
-4 486
-1 11
+8 4
cob=(3)
cfi=(143)
cfn=(646)
calls=1 34 
* 39
* 1
+1 4
cob=(3)
cfi=(143)
cfn=(646)
calls=1 34 
* 39
* 1
+1 4
cob=(3)
cfi=(143)
cfn=(646)
calls=1 34 
* 39
* 1
+1 4
cob=(3)
cfi=(143)
cfn=(646)
calls=1 34 
* 39
* 1
+2 3
cob=(3)
cfi=(109)
cfn=(456)
calls=1 103 
* 490
* 1
* 1
+1 6
cob=(3)
cfi=(126)
cfn=(582)
calls=1 35 
* 348
* 1
+1 2
+1 4
+1 840
cob=(3)
cfi=(127)
cfn=(598)
calls=120 27 
* 110028
* 120
-1 486
-1 11
+5 4
cob=(3)
cfi=(143)
cfn=(646)
calls=1 34 
* 39
* 1
+2 2

fn=(668) reproduction
1106 19642
+4 72956
+2 5612
+2 22448
cob=(3)
cfi=(100)
cfn=(422)
calls=2806 2876 
* 708519
* 2806
* 2806
+1 14030
cob=(3)
cfi=(100)
cfn=(422)
calls=2806 2876 
* 507886
* 2806
* 2806
+3 5612
+1 5612
+1 5612
+2 5612
+2 22444
+3 16833
+1 44888
cfn=(670) viabilitySelection
calls=5611 1278 
* 4347099600656
* 11220
+11 11220
+3 168300000
cfn=(692) pickParent
calls=28050000 1033 
* 2669929722
* 28050000
+1 168300000
cfn=(692)
calls=28050000 1033 
* 2664515095
* 28050000
+1 196350000
+1 196350000
+10 168300000
cfn=(696) makeOffspring
calls=28050000 812 
* 6741974497717
+1 112200000
+2 196350000
+1 28050000
-20 112216830
+23 39270
+2 22440
-42 22442
+45 8415
+5 8415
cob=(3)
cfi=(100)
cfn=(562)
calls=2805 2917 
* 112200
cob=(1)
cfi=(51)
cfn=(204)
calls=1 34 
* 1114
* 2809
+1 5610
+2 8415
cob=(3)
cfi=(100)
cfn=(562)
calls=2805 2917 
* 333797
* 2805
+1 8415
+16 8415

fn=(696)
812 168300000
+8 84150003
fi=(124) /home/jacob/Documents/divergence-metrics-master/MT/dSFMT.h
255 2
+2 4
+4 11
+1 1
+34 4
fe=(84)
821 5
cob=(4)
cfi=(144)
cfn=(658)
calls=1 28 
* 162
* 1
* 6
+1 84150003
fi=(124)
255 2
+2 4
+4 11
+1 1
+34 4
fe=(84)
823 5
cob=(4)
cfi=(144)
cfn=(658)
calls=1 28 
* 153
* 1
* 6
+3 56100000
+3 336600000
+3 112200000
+1 84150000
+2 56100000
+2 252450000
+2 28050000
+1 56100000
-3 252450000
+2 28050000
+1 56100000
+1 1077456600000
fi=(124)
255 224400000
+2 448800000
+1 881046
cfi=(121) /home/jacob/Documents/divergence-metrics-master/MT/dSFMT.c
cfn=(570) dsfmt_gen_rand_all
calls=293682 509 
* 5835167658
+1 587364
+2 3230502
+1 293682
+34 1174728
fe=(84)
843 1468410
fi=(124)
261 1230969498
+1 111906318
+34 447625272
fe=(84)
843 559531590
+1 112195890
+2 56102055
+3 561020550
fi=(124)
255 112204110
+2 224408220
fe=(84)
849 560979450
fi=(124)
255 112195890
+2 224391780
+1 880416
cfi=(121)
cfn=(570)
calls=293472 509 
* 5830995168
+1 586944
+2 3228192
+1 293472
+34 1173888
fe=(84)
849 1467360
cob=(4)
cfi=(144)
cfn=(658)
calls=293472 28 
* 46230818
* 293472
fi=(124)
261 1230971808
+1 111906528
+34 447626112
fe=(84)
849 559532640
cob=(4)
cfi=(144)
cfn=(658)
calls=111906528 28 
* 17625948359
* 111906528
* 561000000
+3 1076222400000
+3 295976186
+1 147989874
+2 295972624
fi=(124)
255 147986312
+2 295972624
fe=(84)
858 221984811
fi=(124)
255 147989874
+2 295979748
+1 1162689
cfi=(121)
cfn=(570)
calls=387563 509 
* 7700489247
+1 775126
+2 4263193
+1 387563
+34 1550252
fe=(84)
860 1937815
cob=(4)
cfi=(144)
cfn=(658)
calls=387563 28 
* 61046679
* 387563
fi=(124)
261 1623605830
+1 147600530
+34 590402120
fe=(84)
860 738002650
cob=(4)
cfi=(144)
cfn=(658)
calls=147600530 28 
* 23248332234
* 147600530
* 739940465
+2 1183904744
+4 134640000000
+1 1077120000000
+1 201960000000
+1 268648
fi=(124)
255 134324
+2 268648
+1 480
cfi=(121)
cfn=(570)
calls=160 509 
* 3179040
+1 320
+2 1760
+1 160
+34 640
fe=(84)
870 800
cob=(4)
cfi=(144)
cfn=(658)
calls=160 28 
* 25254
* 160
fi=(124)
261 737022
+1 67002
+34 268008
fe=(84)
870 335010
cob=(4)
cfi=(144)
cfn=(658)
calls=67002 28 
* 10551918
* 67002
* 470134
+3 269279731352
+3 201960000000
+1 270444
fi=(124)
255 135222
+2 270444
+1 558
cfi=(121)
cfn=(570)
calls=186 509 
* 3695634
+1 372
+2 2046
+1 186
+34 744
fe=(84)
878 930
cob=(4)
cfi=(144)
cfn=(658)
calls=186 28 
* 29183
* 186
fi=(124)
261 741675
+1 67425
+34 269700
fe=(84)
878 337125
cob=(4)
cfi=(144)
cfn=(658)
calls=67425 28 
* 10621010
* 67425
* 473277
+3 201959797167
+4 471239526723
+2 134639864778
-2 471240473277
+2 134640135222
+1 673865
cfn=(700) addAnewMutation
calls=134773 317 
* 313233254
* 134773
+2 404319
+2 134773
+1 134773
-53 539092
+50 403919595681
+2 134639865227
+1 134639865227
-53 538727760908
-14 224400000
+73 56100000

fn=(664) migration
903 11224
+1 2806
+3 5612
+1 16836
-1 22448
+8 84185612
fi=(124)
255 56120000
+2 112240000
+1 220290
cfi=(121)
cfn=(570)
calls=73430 509 
* 1458980670
+1 146860
+2 807730
+1 73430
+34 293720
fe=(84)
916 367150
fi=(124)
261 307852270
+1 27986570
+34 111946280
fe=(84)
916 139932850
+1 1401770
+1 11214160
+1 4906356
+2 4205172
+2 224480000
+1 140362020
+1 56144808
+3 98166586
+1 42071394
-14 112248418
+18 16836
+5 11224
+28 5612

fn=(650) buildFitnessArray
381 4
+3 5
cob=(3)
cfi=(100)
cfn=(422)
calls=1 2876 
* 308
* 1
* 1
+1 5
cob=(3)
cfi=(100)
cfn=(422)
calls=1 2876 
* 178
* 1
* 1
+3 2
+1 4
+1 4
+4 8
+6 7202
fi=(124)
255 4800
+2 9600
+1 15
cfi=(121)
cfn=(570)
calls=5 509 
* 99345
+1 10
+2 55
+1 5
+34 20
fe=(84)
401 5
+1 15
fi=(124)
261 26345
+1 2395
+34 9580
fe=(84)
401 2395
+1 7185
+6 7200
+1 3792
fi=(124)
255 948
+2 1896
+1 9
cfi=(121)
cfn=(570)
calls=3 509 
* 59607
+1 6
+2 33
+1 3
+34 12
fe=(84)
409 15
cob=(4)
cfi=(144)
cfn=(658)
calls=3 28 
* 476
* 3
fi=(124)
261 5181
+1 471
+34 1884
fe=(84)
409 2355
cob=(4)
cfi=(144)
cfn=(658)
calls=471 28 
* 74079
cob=(1)
cfi=(51)
cfn=(204)
calls=1 34 
* 756
* 475
* 1422
+1 4266
+2 5778
+5 13482
+1 11556
-18 9603
+23 4

fn=(700)
317 808638
+3 808638
+1 808638
+2 269546
+1 362
+2 134592
+7 3095616
cob=(3)
cfi=(127)
cfn=(598)
calls=134592 27 
* 306352686
* 134592
* 4163
cob=(3)
cfi=(127)
cfn=(598)
calls=181 27 
* 411283
* 181
+2 134773
+1 269546

fn=(576) initializePopulation
644 3
+8 6
+1 4
+2 12
+1 12
+1 5
cob=(3)
cfi=(100)
cfn=(422)
calls=1 2876 
* 178
* 1
* 1
+1 3
+2 5
cob=(3)
cfi=(100)
cfn=(422)
calls=1 2876 
* 173
* 1
* 1
+1 5
cob=(3)
cfi=(100)
cfn=(422)
calls=1 2876 
* 173
* 1
* 1
+1 5
cob=(3)
cfi=(100)
cfn=(422)
calls=1 2876 
* 173
* 1
* 1
+1 5
cob=(3)
cfi=(100)
cfn=(422)
calls=1 2876 
* 173
* 1
* 1
+1 5
cob=(3)
cfi=(100)
cfn=(422)
calls=1 2876 
* 173
* 1
* 1
+2 1
+1 1
+1 2
+1 16800
+1 14
+2 16786
+1 14
+3 14376
+2 19200
+1 840
+2 18240
+1 840
+3 12960
+2 21593
+1 119
+2 833
+2 238
-2 15967
+2 18956
+1 1
+2 7
+2 8
-2 16793
+2 19192
+1 7200
+1 2400
+1 18000
+3 7200
+1 2400
+1 16786
-37 9603
+43 3
cob=(3)
cfi=(109)
cfn=(456)
calls=1 103 
* 490
* 1
* 1
+1 6
cob=(3)
cfi=(126)
cfn=(582)
calls=1 35 
* 403
cob=(1)
cfi=(51)
cfn=(204)
calls=1 34 
* 1143
* 5
+1 2
+1 31200
cob=(3)
cfi=(127)
cfn=(598)
calls=2400 27 
* 5356513
cob=(1)
cfi=(51)
cfn=(204)
calls=1 34 
* 1151
* 2404
-1 9603
+2 6
cob=(3)
cfi=(126)
cfn=(582)
calls=1 35 
* 130
* 1
+2 6
cob=(3)
cfi=(126)
cfn=(582)
calls=1 35 
* 139
* 1
+1 2
+1 26400
cob=(3)
cfi=(127)
cfn=(598)
calls=2400 27 
* 1276965
* 2400
-1 9603
+3 6
cob=(3)
cfi=(126)
cfn=(582)
calls=1 35 
* 140
* 1
+1 2
+1 26400
cob=(3)
cfi=(127)
cfn=(598)
calls=2400 27 
* 1317041
* 2400
-1 9603
+3 6
cob=(3)
cfi=(126)
cfn=(582)
calls=1 35 
* 130
* 1
+2 6
cob=(3)
cfi=(126)
cfn=(582)
calls=1 35 
* 143
* 1
+1 2
+1 26400
cob=(3)
cfi=(127)
cfn=(598)
calls=2400 27 
* 1269789
* 2400
-1 9603
+3 6
cob=(3)
cfi=(126)
cfn=(582)
calls=1 35 
* 143
* 1
+1 2
+1 26400
cob=(3)
cfi=(127)
cfn=(598)
calls=2400 27 
* 1271370
* 2400
-1 9603
+3 6
cob=(3)
cfi=(126)
cfn=(582)
calls=1 35 
* 134
* 1
+3 3
cob=(3)
cfi=(122)
cfn=(538)
calls=1 40 
* 519
* 1
+4 8
cob=(3)
cfi=(100)
cfn=(422)
calls=1 2876 
* 229
* 1
* 1
+1 5
cob=(3)
cfi=(100)
cfn=(422)
calls=1 2876 
* 173
* 1
* 1
+1 5
cob=(3)
cfi=(100)
cfn=(422)
calls=1 2876 
* 173
* 1
* 1
+1 5
cob=(3)
cfi=(100)
cfn=(422)
calls=1 2876 
* 178
* 1
* 1
+1 5
cob=(3)
cfi=(100)
cfn=(422)
calls=1 2876 
* 308
* 1
* 1
+1 5
cob=(3)
cfi=(100)
cfn=(422)
calls=1 2876 
* 182
* 1
* 1
+1 5
cob=(3)
cfi=(100)
cfn=(422)
calls=1 2876 
* 178
* 1
* 1
+3 2
+1 2
+1 2
+1 3
+2 2
+1 14400
+1 14400
+1 4800
+1 14400
+1 4800
-2 19200
+4 4800
+1 28800
+1 9600
-2 33600
-7 9603
+13 2
+1 20000
+1 96000000
+1 48000000
-2 240040000
-1 40003
+9 6
+1 1
+1 2
+1 4
+1 2
-2 5
+4 3
+2 1
+1 2
+1 4
+1 70000
+1 10000
-2 60010
-1 8
+6 3
+15 2

fn=(692)
1033 392700000
+9 168300000
+5 224405559
fi=(124)
234 112211118
+2 224422236
+1 441078
cfi=(121)
cfn=(570)
calls=147026 509 
* 2921259594
+1 294052
+2 1617286
+1 147026
fe=(84)
1050 735130
+1 441078
fi=(124)
240 615543863
+1 55958533
fe=(84)
1050 279792665
+1 167875599
+3 56100000
+1 112200000

fn=(706) calculateMetricsAndStats
426 8415
+9 5610
+1 19635
+1 16830
+3 5610
+2 40392000
+2 53856000
+2 9704082
+1 1617347
+2 3234694
+1 3234694
+1 12938776
+1 6469388
+1 145561230000
+1 32346940000
+1 32346940000
+1 64693880000
-4 64703584082
+7 22642858
+1 12938776
-11 12938776
+14 6469388
+6 3234694
+1 616386
+1 616386
+1 1438234
cob=(3)
cfi=(127)
cfn=(598)
calls=102731 27 
* 137752134
* 102731
+1 410924
+3 7573080
+4 40917224
+3 10229306
+2 15343959
+1 10229306
+1 30687918
+1 40917224
-2 40917224
+6 6732000
-52 26936415
+55 39270
+7 12
cob=(3)
cfi=(127)
cfn=(598)
calls=2 27 
* 1074
* 2
+1 4
+1 62400
cob=(3)
cfi=(127)
cfn=(598)
calls=4800 27 
* 8169289
* 4800
-1 19206
+3 4
+1 4
+1 8
+1 86400
cob=(3)
cfi=(127)
cfn=(598)
calls=9600 27 
* 16193156
* 9600
+1 9600
-2 38412
-1 16
+6 8
cob=(3)
cfi=(143)
cfn=(646)
calls=2 34 
* 78
* 2
+4 12
cob=(3)
cfi=(127)
cfn=(598)
calls=2 27 
* 1074
* 2
+1 12
cob=(3)
cfi=(127)
cfn=(598)
calls=2 27 
* 1074
* 2
+1 12
cob=(3)
cfi=(127)
cfn=(598)
calls=2 27 
* 1074
* 2
+1 12
cob=(3)
cfi=(127)
cfn=(598)
calls=2 27 
* 1074
* 2
+2 4
+1 12
+1 4
+1 2
+2 12
+1 12
+2 4
+1 8
+1 480
+1 480
+1 480
+1 480
+1 240
+1 480
+1 38400
+1 1093
+1 3279
+1 3279
+1 3279
+3 12023
+3 12023
+3 14209
+1 6558
+2 3279
+5 4800
+1 4800
+1 4800
+1 4800
-25 19920
+27 720
+1 1920
cob=(3)
cfi=(127)
cfn=(598)
calls=240 27 
* 473166
* 240
+2 720
+1 1920
cob=(3)
cfi=(127)
cfn=(598)
calls=240 27 
* 473365
* 240
+2 1680
cob=(3)
cfi=(127)
cfn=(598)
calls=240 27 
* 495491
* 240
+2 480
+1 948
+1 711
+3 1896
cob=(3)
cfi=(127)
cfn=(598)
calls=237 27 
* 457111
* 237
* 237
+3 18
cob=(3)
cfi=(126)
cfn=(582)
calls=3 35 
* 402
* 3
-49 972
-1 22
+55 8
cob=(3)
cfi=(143)
cfn=(646)
calls=2 34 
* 78
* 2
+1 8
cob=(3)
cfi=(143)
cfn=(646)
calls=2 34 
* 78
* 2
+1 8
cob=(3)
cfi=(143)
cfn=(646)
calls=2 34 
* 78
* 2
+1 8
cob=(3)
cfi=(143)
cfn=(646)
calls=2 34 
* 78
* 2
+2 2
+1 4
+1 38400
+1 1093
-2 19206
+4 14
cob=(3)
cfi=(127)
cfn=(598)
calls=2 27 
* 1856
* 2
+2 2
+1 4
+1 8
+1 240
+1 480
+1 38400
+1 1093
+1 1093
-3 4372
+3 3707
-3 15548
+5 1440
cob=(3)
cfi=(127)
cfn=(598)
calls=240 27 
* 128394
* 240
-7 972
-1 22
+11 8
cob=(3)
cfi=(143)
cfn=(646)
calls=2 34 
* 78
* 2
+5 5610

fn=(450) RNGsetup
1197 3
+10 3
+2 3
cob=(3)
cfi=(109)
cfn=(456)
calls=1 103 
* 1257
cob=(1)
cfi=(51)
cfn=(204)
calls=1 34 
* 1121
* 5
* 1
+1 2
+5 6
cob=(3)
cfi=(114)
cfn=(486)
calls=1 26 
* 1207
cob=(1)
cfi=(51)
cfn=(204)
calls=1 34 
* 1273
* 5
* 1
+1 2
+1 3
fi=(124)
438 6
cfi=(121)
cfn=(524) dsfmt_chk_init_gen_rand
calls=1 625 
* 40444
fe=(84)
1218 3
cob=(3)
cfi=(122)
cfn=(538)
calls=1 40 
* 1310
cob=(1)
cfi=(51)
cfn=(204)
calls=1 34 
* 1160
* 5
* 1
+23 3000002
fi=(124)
255 2000000
+2 4000000
+1 7854
cfi=(121)
cfn=(570)
calls=2618 509 
* 52017042
+1 5236
+2 28798
fe=(84)
1241 7854
fi=(124)
261 10971202
fe=(84)
1241 2992148
+2 2

fn=(670)
1278 67332
+1 5611
+2 5611
+1 16833
+1 145886
+2 11222
+1 28053169
+1 56106338
+2 134655208584
+1 538620834328
+1 134655208582
-2 538620834330
+4 538620834328
cfn=(672) Selection
calls=67327604291 +68 
* 1921123943605
* 201982812873
+1 67327604291
-7 269394576671
+10 140265840
-12 112229505
+17 44880
cob=(7)
cfi=(146) /home/jacob/Downloads/gsl-2.1/statistics/minmax_source.c
cfn=(678) gsl_stats_max
calls=5610 24 
* 617207745
cob=(1)
cfi=(51)
cfn=(204)
calls=1 34 
* 716
* 5614
* 16830
+4 5610
+1 131274000
-1 58360830
+5 33660
cob=(7)
cfi=(147) /home/jacob/Downloads/gsl-2.1/statistics/mean_source.c
cfn=(690) gsl_stats_mean
calls=5610 29 
* 336650490
cob=(1)
cfi=(51)
cfn=(204)
calls=1 34 
* 731
* 5614
* 11220
+1 11220
+3 28050
+2 11220
+1 140250000
+1 56100000
+1 84150033
+1 22
+3 196349923
+1 28049989
-8 112216830
+13 11220
+9 11220
+1 28050

fn=(364)
160 5
+2 3
+3 1
+1 14
+29 3
cob=(3)
cfi=(89)
cfn=(386)
calls=1 26 
* 112
cob=(1)
cfi=(51)
cfn=(204)
calls=1 34 
* 1114
* 5
* 1
+1 1
+8 4
cob=(3)
cfi=(92)
cfn=(396)
calls=1 69 
* 573
cob=(1)
cfi=(51)
cfn=(204)
calls=1 34 
* 1176
* 5
* 3
+1 1
-40 18
cob=(3)
cfi=(85)
cfn=(370)
calls=3 1188 
* 1005
cob=(1)
cfi=(51)
cfn=(204)
calls=1 34 
* 1144
* 7
* 9
+91 5
cob=(3)
cfi=(100)
cfn=(422)
calls=1 2876 
* 59231
cob=(1)
cfi=(51)
cfn=(204)
calls=1 34 
* 1144
* 5
* 1
+3 1
cfn=(450)
calls=1 1197 
* 75077959
+1 1
cfn=(576)
calls=1 644 
* 395351681
+1 1
cfn=(640)
calls=1 971 
* 6510363
+1 2
cfn=(650)
calls=1 381 
* 374806
+5 2
+2 14030
+1 8418
cfn=(664)
calls=2806 903 
* 2996446714
+2 8418
cfn=(668)
calls=2806 1106 
* 11095813135952
+2 2805
cfn=(706)
calls=2805 426 
* 340240674424
+2 8415
-9 19639

fn=(672)
1361 471293230037
+1 538620834328
+1 108060804820
+3 26643403720
+5 159566422572
+14 159566422572
+1 26594403762
+1 26546005954
+3 48397808
+1 215080461
+3 602150
+1 2709675
+11 134655208582
+2 269310417164

fl=(121)
fn=(532) setup_const
111 3
+1 4
fi=(125) /usr/lib/gcc/x86_64-linux-gnu/4.8/include/emmintrin.h
585 19
fe=(121)
114 5
fi=(125)
585 19
fe=(121)
116 5
fi=(125)
-39 5
fe=(121)
+40 5
fi=(125)
-40 5
fe=(121)
+41 1
+1 1
+1 1

fn=(528) initial_mask
428 1
+4 2
+1 2
+1 6112
-1 1148
+3 1

fn=(530) period_certification
442 1
+1 3
+9 5
+1 5
+2 4
+1 4
+1 2
+1 36
-1 20
+3 1
+2 2
+1 1
+18 1

fn=(526) idxof
64 2302
+1 2302
+1 2302

fn=(570)
509 2396290
+4 5990725
+1 10783305
cfn=(572) do_recursion
calls=1198145 129 
* 94653455
+2 2396290
+2 174929170
-1 1749291700
cfn=(572)
calls=87464585 129 
* 6909702215
-1 264790045
+4 1198145
+2 280365930
-1 2803659300
cfn=(572)
calls=140182965 129 
* 11074454235
-1 422945185

ob=(7)
fl=(147)
fn=(690)
29 22440
-3 11220
+5 56100000
-2 28050000
+2 28050000
-2 28050000
+2 196350000
-2 16830

fl=(146)
fn=(678)
24 33660
+6 5610
-3 16830
+3 11220
+2 5610
-2 84166830
+2 140221950
+5 84133170
cob=(3)
cfi=(131)
cfn=(606)
calls=28044390 -10 
* 196310730
* 28044390
* 16830
cob=(3)
cfi=(131)
cfn=(606)
calls=5610 -10 
* 39270
cob=(1)
cfi=(51)
cfn=(204)
calls=1 -3 
* 1151
* 5614
* 84150000
+6 44880

fl=(77)
fn=(320)
0 15

ob=(8)
fl=(121)
fn=(570)
524 5990725
+1 2396290

fn=(572)
129 1144228475
+3 1373074170
fi=(125)
1129 1144228475
fe=(121)
133 228845695
+1 915382780
+1 1144228475
fi=(125)
1266 686537085
fe=(121)
135 1144228475
fi=(125)
1266 686537085
fe=(121)
136 915382780
fi=(125)
1194 1144228475
fe=(121)
138 228845695
+1 915382780
fi=(125)
1248 686537085
fe=(121)
139 1144228475
fi=(125)
1266 686537085
fe=(121)
140 1144228475
fi=(125)
1266 686537085
fe=(121)
141 228845695
+1 686537085
+1 686537085
+1 457691390

fn=(524)
625 6
+5 3
+4 2
+1 2
cfn=(526)
calls=1 64 
* 3
* 6
+1 2
+1 2301
cfn=(526)
calls=767 64 
* 2301
* 3068
+1 3068
cfn=(526)
calls=767 64 
* 2301
* 6903
cfn=(526)
calls=767 64 
* 2301
* 5369
-1 3068
-1 2303
+4 3
cfn=(528)
calls=1 428 
* 7266
+1 3
cfn=(530)
calls=1 442 
* 85
+1 2
+2 1
cfn=(532)
calls=1 111 
* 73

ob=(7)
fl=(77)
fn=(320)
0 1

ob=(8)
fl=(121)
fn=(524)
646 4

ob=(2)
fl=(14)
fn=(258)
0 6

fn=(346)
0 6

fn=(292)
0 6

fn=(304)
0 6

fn=(316)
0 6

totals: 11439527949037
